2 328
3 328
4 328
6 328
8 328
10 328
11 328
12 328
13 328
16 328
17 328
18 327
18 325
18 324
18 323
18 322
18 320
18 319
17 317
17 316
16 315
15 314
14 313
14 312
13 311
12 311
11 310
10 310
9 309
9 308
9 307
9 306
9 304
9 302
9 300
9 299
10 298
12 297
12 296
14 296
15 296
16 296
17 296
20 296
22 296
25 296
27 296
29 294
33 293
35 292
36 292
37 292
37 290
38 287
40 286
41 283
43 282
44 280
45 279
47 278
48 277
49 277
50 276
50 275
51 274
52 273
54 271
54 270
54 269
55 267
55 265
56 264
56 263
56 262
57 260
57 258
58 257
58 255
58 254
58 252
58 251
57 250
56 249
55 247
55 246
54 244
54 243
52 242
51 240
51 238
51 237
51 236
51 235
51 234
51 232
51 231
51 230
51 229
51 228
53 228
54 228
55 228
56 228
58 228
61 228
62 228
66 228
69 228
75 228
80 228
86 226
88 225
90 225
90 224
89 223
88 221
86 220
83 219
77 218
72 217
70 216
66 216
65 216
63 216
62 214
61 212
61 211
61 210
60 208
60 207
60 206
60 205
58 203
57 202
55 202
55 199
55 197
54 195
54 194
54 193
54 192
54 191
54 188
54 186
53 185
51 183
51 180
51 178
51 175
51 174
52 173
53 172
54 171
56 171
59 171
60 171
62 171
64 171
67 171
69 171
72 171
74 171
76 170
77 170
78 170
81 168
82 167
83 166
85 165
87 164
90 163
91 162
92 162
93 161
95 159
98 158
99 156
99 154
100 152
100 151
100 150
100 149
101 149
103 148
105 144
106 143
106 142
106 140
106 138
106 136
106 134
106 133
106 131
106 130
106 129
106 127
106 125
106 123
106 122
106 120
106 119
106 118
107 118
110 116
112 116
115 115
120 115
121 115
123 115
123 114
124 113
124 111
125 109
126 108
126 106
127 105
129 103
130 102
131 102
132 100
133 99
134 98
136 97
138 97
140 97
142 97
144 97
146 98
149 99
152 100
153 101
154 101
154 100
154 99
154 98
154 96
154 95
154 93
154 92
154 89
155 87
156 85
158 84
159 82
161 80
164 79
165 79
167 79
168 78
169 78
170 78
171 77
172 77
176 76
179 75
180 75
182 72
185 70
186 69
187 68
192 66
193 66
194 66
196 65
200 64
204 64
210 64
212 64
213 63
216 63
217 62
219 61
220 61
222 61
223 61
224 61
226 61
228 61
230 61
233 61
236 62
238 62
240 63
242 64
244 64
245 64
247 64
247 63
248 63
250 63
252 62
253 62
255 62
257 62
258 61
259 59
259 58
261 56
261 55
261 54
261 53
261 51
262 49
264 48
265 45
266 44
269 42
272 41
273 41
276 41
280 39
285 38
286 38
287 38
288 39
288 40
288 41
290 44
291 45
294 47
297 49
300 50
300 51
304 52
305 53
309 55
311 55
314 56
316 57
317 58
320 58
322 60
324 60
326 60
328 60
331 60
333 60
335 60
338 60
341 60
343 60
345 61
347 62
348 62
349 63
350 65
352 67
353 67
354 68
355 70
358 70
361 71
362 72
364 72
365 72
368 73
370 74
371 75
372 75
375 76
377 76
382 78
384 78
387 78
387 76
389 74
390 74
391 73
393 73
395 73
396 73
397 72
398 70
399 69
400 68
402 67
405 66
406 66
407 66
409 66
413 64
416 62
420 61
422 61
424 60
425 59
427 58
428 58
429 58
431 58
432 58
434 58
434 59
435 59
436 59
439 59
442 59
443 59
444 59
444 58
444 55
445 54
446 53
447 53
447 52
447 50
449 48
450 47
451 45
452 44
452 43
455 41
457 41
458 41
459 41
460 40
462 39
464 38
467 37
468 37
470 36
475 36
482 36
483 36
485 35
487 35
488 35
490 35
491 35
492 35
494 35
496 35
498 33
499 32
500 32
502 32
503 32
506 32
507 32
509 32
511 32
513 33
516 34
517 36
520 37
522 38
523 38
523 40
524 41
524 42
524 43
524 44
524 45
524 46
524 48
524 49
524 52
524 53
525 55
525 56
526 58
527 59
527 60
528 60
529 60
530 62
532 63
534 63
538 64
540 64
542 64
545 64
547 64
548 64
549 64
550 65
550 67
550 68
550 70
550 71
550 73
550 75
550 78
550 80
550 81
551 82
552 83
553 84
557 84
559 85
560 85
561 85
562 85
565 85
566 84
567 84
569 83
570 83
570 82
573 82
575 82
578 83
579 84
580 84
581 84
581 85
582 85
583 85
586 85
588 85
591 86
592 87
593 88
593 89
593 90
593 92
593 93
592 95
591 96
590 97
589 98
588 99
586 102
585 103
584 105
583 105
582 106
580 107
578 110
576 112
575 113
573 114
572 115
569 115
566 117
564 118
563 118
562 118
562 120
562 122
562 123
562 124
562 126
562 128
562 130
562 134
562 135
562 137
562 138
562 140
562 141
562 142
560 145
559 147
558 150
557 152
555 154
553 155
552 157
552 158
551 160
549 162
549 164
548 167
548 169
547 171
545 172
544 174
543 175
542 176
541 176
540 178
538 179
537 180
535 181
534 182
533 184
533 185
532 186
532 187
532 188
532 190
533 192
534 193
535 196
535 198
535 201
535 202
535 204
536 205
537 205
537 207
537 208
537 209
537 210
538 212
538 214
539 216
540 218
540 219
540 221
540 224
540 225
540 228
541 229
541 231
541 232
541 233
542 235
545 236
548 236
552 236
554 235
556 232
557 232
557 231
560 230
562 230
565 229
567 228
568 225
569 224
572 222
574 222
580 222
581 222
582 222
584 222
587 222
592 222
596 222
597 221
598 221
600 220
601 219
602 218
607 216
609 215
611 214
612 213
615 211
617 209
620 206
621 205
622 203
623 203
623 201
623 199
624 195
626 194
629 192
631 191
632 190
632 189
632 187
632 186
633 184
633 183
633 181
634 179
635 178
636 175
637 174
638 172
639 171
639 170
639 167
639 166
639 164
639 163
639 161
639 159
639 157
638 157
638 156
638 155
638 153
638 152
638 149
639 147
641 145
642 145
645 142
646 141
646 140
649 138
650 136
650 134
650 132
650 131
650 129
650 127
650 124
650 122
650 121
651 120
652 118
654 118
656 118
657 118
658 119
660 121
660 123
661 126
662 126
663 128
663 129
664 130
666 132
667 133
668 134
670 137
672 138
674 140
675 140
676 140
677 140
679 139
680 139
682 139
683 139
683 141
681 143
677 145
674 147
672 147
671 147
668 148
665 149
662 150
659 152
658 152
657 152
655 152
654 152
652 152
652 153
652 155
652 156
652 158
652 159
652 160
652 162
653 165
654 166
655 170
656 172
657 176
658 178
658 180
658 182
658 184
658 185
658 187
658 190
657 193
656 196
655 199
654 202
652 203
650 204
649 206
648 207
648 209
648 210
648 211
648 212
647 214
646 215
646 216
644 219
643 219
642 220
642 221
640 222
638 223
635 223
634 224
632 225
630 226
622 227
619 228
617 229
615 229
611 230
607 231
604 232
599 233
598 234
597 236
596 237
595 237
594 238
591 238
590 239
588 240
586 240
583 241
581 241
579 242
576 244
575 245
573 247
571 250
570 252
569 255
568 256
567 258
565 262
564 264
561 268
560 268
557 268
553 268
552 268
551 268
550 268
549 268
549 266
548 264
547 262
547 261
547 259
547 257
547 254
547 251
547 250
547 249
547 248
547 247
547 246
546 244
545 242
544 240
544 239
543 239
542 238
540 235
537 234
536 234
533 234
532 234
531 234
529 235
528 235
527 235
526 235
524 235
523 235
522 235
520 235
520 233
519 231
519 227
518 222
516 219
514 216
514 214
514 213
514 211
514 210
514 207
514 205
514 203
514 202
514 201
514 199
513 198
512 198
508 196
506 196
505 196
504 196
503 196
502 195
501 193
501 191
501 189
501 187
502 186
502 185
503 183
503 180
502 177
501 176
500 175
497 175
496 175
494 176
493 177
491 179
490 180
487 181
486 182
483 183
480 184
476 184
474 184
473 184
472 182
472 181
472 179
472 177
472 176
472 173
472 172
472 171
472 169
471 167
469 166
467 166
465 167
464 168
462 168
461 169
460 172
459 173
457 175
456 177
456 178
455 179
452 181
451 182
447 184
445 184
444 185
443 186
444 188
444 189
445 189
446 190
448 191
449 192
450 193
450 194
451 196
452 198
453 199
454 200
457 201
459 201
462 200
464 199
465 199
467 199
468 199
470 199
473 199
474 199
476 199
478 199
479 199
480 199
480 200
481 202
481 203
481 206
479 209
478 210
478 211
475 214
473 215
471 216
470 217
469 217
468 217
467 219
465 220
464 222
462 224
460 226
458 227
457 228
457 229
457 230
457 233
459 234
461 235
463 236
464 237
464 239
465 240
466 242
467 243
468 245
469 249
469 251
470 252
470 254
471 257
472 258
472 259
473 261
474 263
474 265
475 266
476 269
476 270
477 272
477 273
477 274
476 277
475 281
475 283
473 286
472 289
472 290
471 292
470 294
469 296
469 297
468 298
467 301
465 304
464 305
462 308
461 310
459 314
458 316
456 318
454 320
453 320
453 322
453 324
454 325
457 325
462 325
466 325
472 322
474 321
475 320
476 320
478 320
479 321
479 322
479 325
479 327
478 329
478 330
477 332
476 333
475 334
474 336
472 338
470 340
469 342
469 344
468 345
467 349
467 353
467 354
467 356
467 360
467 363
467 365
467 369
467 372
467 375
467 376
467 377
467 379
468 380
469 382
472 384
474 384
476 385
478 387
479 388
481 390
482 390
482 391
482 396
482 398
482 401
482 404
482 406
482 408
482 410
481 414
481 417
482 419
484 420
487 421
492 421
493 421
495 424
497 426
499 429
500 432
502 435
504 437
505 438
507 442
509 444
511 447
512 451
512 453
512 456
512 458
512 459
512 461
512 462
512 465
512 466
512 468
512 471
512 473
512 477
512 480
512 481
512 482
512 485
512 486
512 489
511 491
511 493
510 495
508 498
506 499
505 499
502 499
500 500
497 500
496 500
495 500
493 500
492 500
491 500
490 500
489 500
487 499
484 499
482 499
481 499
478 499
478 500
477 503
477 504
475 506
473 506
470 507
468 508
464 511
459 511
454 511
452 512
448 514
447 514
445 516
443 517
439 517
435 517
428 517
425 518
424 519
421 519
418 519
415 518
414 517
414 515
414 514
415 510
416 508
418 505
420 504
421 503
422 502
423 501
424 499
427 496
428 495
429 495
432 494
434 494
436 494
438 495
441 497
442 497
444 497
447 497
449 497
451 497
457 497
458 497
459 497
464 495
468 493
470 493
471 493
472 491
474 489
476 488
476 486
477 482
477 480
477 478
478 477
479 474
480 471
482 468
482 466
483 464
483 462
482 461
480 457
479 455
477 453
476 451
474 448
474 447
473 445
472 443
471 441
469 437
468 436
467 434
466 433
465 432
464 429
463 428
463 425
461 421
460 420
460 419
460 414
460 412
460 408
461 406
464 401
466 395
466 390
466 386
466 384
466 383
467 379
469 376
469 374
469 372
469 369
469 368
469 367
469 366
469 365
469 364
468 363
466 359
465 357
464 354
463 353
462 352
461 349
460 348
459 346
459 345
458 344
458 343
456 342
455 341
455 340
454 339
451 339
450 339
448 339
446 342
443 344
441 344
439 344
438 346
435 346
434 346
432 347
429 348
422 350
416 350
415 350
413 351
411 351
408 353
404 353
399 353
396 353
392 353
389 353
387 354
386 354
383 354
382 354
381 354
383 357
383 359
383 362
384 364
384 367
384 370
384 374
384 377
384 378
384 380
384 381
383 383
381 385
379 386
372 388
369 389
368 389
366 389
363 386
362 386
361 386
359 386
358 384
358 383
358 381
358 379
358 378
358 376
360 374
362 373
363 372
364 368
364 365
363 362
361 360
359 359
358 359
356 361
354 364
352 367
349 369
347 370
346 371
343 372
341 373
340 374
339 375
338 379
338 381
338 382
341 387
341 389
341 391
343 395
345 397
349 400
350 401
350 402
353 405
356 407
359 409
359 410
360 413
360 416
360 418
360 421
360 423
360 425
360 429
361 431
362 433
362 434
362 435
362 437
362 439
362 441
362 443
362 444
362 447
362 450
360 452
359 453
356 456
354 459
351 460
350 461
346 464
344 466
342 467
339 468
335 470
333 471
331 471
328 471
327 471
326 471
324 471
322 471
321 470
319 465
316 463
315 461
314 459
313 457
311 455
310 454
308 453
305 449
305 448
304 445
303 444
303 442
301 438
299 437
295 437
291 437
290 439
289 442
289 445
286 448
283 451
280 453
278 456
278 458
278 461
278 465
278 466
279 467
281 469
283 471
286 474
289 476
294 479
295 480
295 481
296 483
299 485
300 487
301 489
302 489
303 489
306 491
307 492
308 494
310 496
310 497
310 500
311 503
311 505
311 506
311 507
311 508
311 511
310 511
308 511
305 511
302 511
299 511
298 511
296 511
292 511
291 511
289 511
287 511
285 510
284 507
283 504
282 502
282 500
279 495
278 493
277 490
275 488
275 486
274 483
273 482
272 481
272 479
272 475
271 474
270 471
270 469
270 465
269 462
269 460
269 459
269 457
269 456
269 454
269 451
269 450
269 449
269 448
269 446
269 445
269 443
269 442
269 441
269 438
269 436
269 435
269 433
268 431
267 429
266 427
265 425
264 424
264 422
263 421
262 419
259 413
258 411
258 410
256 407
252 400
252 399
251 397
251 396
251 397
250 400
249 402
248 403
247 403
247 404
245 404
244 404
242 405
236 406
233 407
230 407
229 407
228 407
224 407
223 407
223 405
226 401
226 399
226 398
228 396
228 394
228 393
228 392
228 391
228 389
228 386
228 384
228 382
228 380
227 377
225 375
220 371
216 366
215 363
214 362
213 361
212 357
210 354
208 352
207 351
206 350
205 349
203 349
202 349
201 349
197 349
191 349
188 350
182 352
178 353
175 356
172 358
171 359
171 360
171 362
169 365
169 366
168 366
167 368
166 370
165 373
163 374
162 375
161 376
157 377
154 379
153 381
151 382
149 384
147 386
145 388
144 389
143 390
142 390
140 391
138 392
135 393
134 394
132 394
131 395
129 397
126 400
125 402
123 404
123 405
119 407
116 408
113 410
110 412
109 413
109 416
109 417
109 420
109 422
109 425
109 427
106 431
106 432
106 436
106 439
106 443
106 445
105 448
104 454
103 457
103 458
103 461
104 463
106 464
107 465
109 467
110 468
111 469
113 471
114 473
115 475
118 478
120 480
120 483
120 484
120 485
120 487
120 488
120 490
119 492
117 494
116 495
112 494
110 493
108 492
107 492
106 492
103 491
103 486
103 483
103 479
103 477
103 476
103 474
102 471
101 470
98 469
97 469
96 470
95 472
94 473
94 475
94 477
91 479
90 479
86 480
82 482
79 482
78 482
77 482
74 480
74 479
74 475
74 474
73 470
71 467
71 465
69 461
68 460
68 458
65 456
65 454
63 451
61 447
60 444
60 442
59 439
59 436
57 431
56 430
56 429
56 427
54 424
53 419
52 415
51 414
51 413
50 410
48 407
47 406
47 405
46 403
45 399
44 396
43 393
42 391
42 390
42 387
42 384
42 381
41 379
40 377
40 375
39 374
38 370
37 367
36 362
35 360
35 359
34 357
33 357
32 360
31 363
29 366
29 367
28 367
25 367
23 367
18 366
16 365
14 363
13 361
12 360
11 358
11 357
11 353
11 350
11 348
11 347
10 347
8 346
7 345
7 344
4 343
