2 179
3 180
4 182
4 183
5 184
5 186
5 189
6 191
6 192
7 193
7 195
8 196
9 199
9 200
9 201
9 203
10 205
11 207
12 209
13 211
13 213
14 216
15 218
15 220
15 221
15 223
15 225
16 228
17 230
18 234
18 235
19 237
20 239
22 241
22 242
22 243
24 244
24 245
25 246
26 248
26 249
27 250
28 252
29 253
30 253
31 253
32 254
33 255
35 256
36 257
38 257
39 257
40 258
40 259
42 260
42 261
43 262
44 263
46 266
47 267
47 268
49 269
50 271
50 272
50 273
50 274
50 275
50 276
50 278
50 279
50 280
51 282
53 285
54 287
55 289
58 292
60 293
62 294
64 294
69 294
73 296
76 297
77 297
78 297
80 297
81 297
84 297
85 297
87 297
89 297
91 297
94 297
97 298
99 300
100 300
102 302
104 304
105 305
107 306
108 308
110 310
111 310
113 311
114 312
116 314
118 315
121 317
125 319
128 319
129 319
130 319
133 321
135 323
140 325
144 325
145 325
147 325
151 325
154 326
156 327
158 327
161 327
163 327
168 327
169 327
171 327
172 327
174 327
175 327
178 327
180 327
181 327
182 327
183 327
184 327
185 328
187 328
189 328
192 328
194 328
196 328
198 328
205 328
206 328
207 328
208 328
210 328
212 329
214 330
215 332
215 335
216 336
217 337
220 339
221 340
222 341
223 342
225 345
226 347
228 350
229 351
230 353
231 355
231 357
232 359
233 361
234 363
235 365
236 368
237 370
238 371
240 374
241 375
243 376
244 377
245 378
245 379
246 379
246 380
248 380
249 379
249 377
249 375
250 375
251 375
251 374
254 372
257 371
262 368
262 366
263 365
266 365
268 365
269 365
270 365
273 365
275 366
276 367
278 369
280 371
281 373
282 374
283 374
284 375
284 377
285 380
288 382
292 385
293 386
294 387
294 389
296 391
297 392
297 393
298 394
298 396
298 399
298 401
298 404
299 406
300 407
301 410
302 412
303 414
303 416
305 418
306 419
306 420
307 421
308 422
310 424
311 426
313 428
314 430
316 433
318 434
320 436
321 436
323 436
324 438
326 438
329 439
330 439
331 439
333 439
335 439
337 439
338 439
338 438
338 436
338 435
338 434
338 433
338 432
338 430
338 429
338 428
338 427
338 426
338 424
338 422
338 419
338 418
338 415
338 413
339 411
340 410
341 409
341 407
342 404
342 403
344 400
345 400
346 399
347 398
349 397
350 397
353 396
356 396
361 396
363 395
364 394
365 393
366 392
369 390
371 390
374 388
376 385
377 384
378 383
379 382
379 380
380 379
380 378
380 376
382 376
383 375
384 374
386 374
388 372
390 372
392 372
394 372
397 372
402 372
405 372
406 372
407 372
410 372
413 372
414 372
416 372
418 373
420 373
423 375
424 375
426 375
429 376
431 376
433 376
434 376
436 377
439 378
440 378
442 379
445 379
446 379
447 379
449 379
451 379
455 379
456 379
457 379
457 378
457 377
457 375
457 373
458 372
458 370
458 369
459 369
459 368
459 366
459 365
459 364
459 363
459 362
460 362
461 361
463 361
465 360
466 360
467 360
469 360
471 360
475 360
478 360
481 359
483 358
484 358
485 358
487 357
490 356
494 355
496 355
499 355
500 355
501 355
502 355
505 355
506 355
508 355
510 357
511 358
512 358
514 358
516 358
518 358
521 358
524 358
530 358
534 357
536 357
537 356
537 355
537 354
539 354
541 355
543 356
544 357
545 357
545 358
546 361
548 363
550 366
552 369
554 372
555 372
556 373
557 374
558 377
558 378
558 379
558 380
558 382
559 383
560 385
560 387
560 389
560 391
561 392
563 394
563 395
564 396
566 398
568 400
570 401
571 402
572 403
573 405
574 407
575 409
576 412
576 413
577 414
578 416
579 418
579 419
579 420
581 420
581 421
581 422
582 423
583 424
584 424
585 425
589 425
591 426
594 426
596 426
597 426
599 426
600 426
602 425
605 422
606 422
608 421
610 420
610 418
610 415
609 413
608 413
607 412
607 411
607 410
606 409
605 408
604 407
604 406
604 404
603 403
603 400
603 399
603 398
603 397
603 394
602 393
601 391
601 390
601 389
600 387
599 385
599 384
598 383
598 382
598 381
596 379
596 378
595 378
594 377
593 376
593 375
592 372
591 371
591 369
590 368
589 367
588 366
587 363
586 362
585 361
584 360
584 359
582 357
580 354
580 353
579 352
579 351
578 350
577 349
576 349
575 347
575 346
574 345
574 344
573 341
572 339
572 337
572 336
572 335
572 334
572 333
572 330
572 328
572 327
572 325
572 324
572 323
572 320
573 319
573 318
575 316
577 314
578 312
580 310
581 308
582 307
583 306
585 304
587 303
588 301
589 300
591 298
592 297
593 296
593 294
595 292
596 290
598 288
599 287
600 286
601 285
602 283
605 281
606 280
606 279
607 277
608 276
609 276
609 275
610 275
611 274
613 274
614 273
616 271
618 270
619 269
619 268
620 267
622 266
624 266
626 265
627 264
629 264
633 263
636 262
639 259
641 257
642 255
643 253
644 252
644 251
644 248
644 246
644 243
644 242
644 241
644 238
644 235
644 229
642 226
642 225
642 224
642 222
641 221
640 219
639 219
639 218
639 217
638 216
637 215
635 214
633 213
632 212
631 211
630 209
629 207
628 206
627 204
627 200
627 198
627 197
627 196
627 194
627 192
627 191
627 190
627 189
628 188
630 187
631 186
633 186
633 185
634 183
635 181
636 180
636 179
637 178
638 176
638 173
638 171
638 168
638 167
638 166
638 164
638 162
638 160
638 159
638 157
638 156
638 154
638 152
638 150
639 149
639 148
640 147
642 146
642 145
643 144
644 144
645 144
647 143
649 142
651 140
652 139
653 139
656 137
658 136
660 135
661 134
662 133
663 133
664 133
666 132
667 132
668 132
671 131
673 130
675 129
676 129
677 128
679 127
680 127
681 127
684 126
685 126
685 125
686 124
686 123
686 122
685 121
683 120
681 120
680 120
679 119
677 117
677 116
677 115
676 113
676 112
676 111
676 110
675 108
674 107
673 107
672 106
671 106
670 106
670 104
669 103
669 100
669 97
669 96
669 95
669 94
669 93
669 92
669 90
670 89
671 87
671 86
672 85
674 82
675 80
677 78
680 76
681 75
683 73
685 72
686 71
687 71
688 70
690 69
691 69
692 68
694 68
696 66
697 65
698 65
699 64
700 63
701 61
701 59
701 57
700 56
699 56
698 55
697 54
695 53
694 53
692 52
690 52
689 52
689 51
688 50
687 50
687 47
686 45
686 42
686 40
685 38
684 37
684 35
683 32
681 30
679 28
678 26
676 23
676 21
675 19
675 17
674 14
674 13
674 12
674 14
673 16
673 18
673 19
672 20
671 22
670 22
669 22
667 22
666 22
665 21
664 21
663 21
662 23
660 25
659 27
659 29
658 32
657 34
656 37
656 38
655 40
655 42
655 44
655 46
655 47
655 49
655 51
655 52
655 53
655 54
655 55
654 55
653 56
653 57
652 57
651 58
650 59
649 60
648 60
646 61
645 62
644 62
641 63
640 64
638 66
637 67
637 68
634 70
632 71
630 71
628 72
627 72
626 72
623 73
616 75
614 76
610 78
609 78
607 79
607 80
606 81
605 81
604 82
603 84
603 85
601 88
599 90
598 91
597 92
596 93
596 94
594 95
593 96
593 97
592 98
591 101
590 103
590 106
589 107
588 108
587 109
587 110
585 112
582 112
578 112
576 112
574 112
573 112
570 114
569 116
569 117
569 118
569 119
569 121
569 122
569 123
569 124
568 125
567 127
566 128
565 130
564 130
563 130
559 130
553 132
551 133
549 133
546 134
543 136
542 137
541 137
540 138
539 138
539 139
537 139
536 139
534 140
531 142
529 142
528 142
526 141
526 140
526 139
526 137
526 136
526 134
526 132
526 130
526 128
526 126
526 124
525 121
524 119
524 115
524 113
524 111
524 109
524 108
524 107
524 106
524 104
524 103
524 101
524 100
522 97
522 96
521 95
519 93
516 91
513 90
512 89
509 86
507 85
506 85
504 85
503 84
501 82
500 82
498 80
497 79
496 78
495 76
494 74
492 72
491 71
491 70
490 69
489 68
487 67
486 66
485 65
483 63
480 61
477 59
474 57
473 57
470 55
467 54
466 54
464 52
463 50
458 47
455 47
454 47
453 48
452 49
450 50
446 52
444 53
442 53
438 54
433 55
428 56
425 56
423 56
422 56
419 56
417 57
413 56
411 56
410 54
408 53
404 53
402 54
398 55
396 56
393 56
393 55
390 53
388 53
387 53
387 52
386 51
385 50
384 49
383 47
382 45
380 44
377 42
376 41
375 40
374 39
371 37
369 36
366 34
364 33
362 32
361 32
359 31
356 31
354 30
351 30
350 30
346 30
341 29
337 28
332 28
331 28
326 28
325 28
323 30
322 31
321 32
321 33
320 34
320 36
320 37
319 37
317 37
317 38
316 38
313 39
311 39
310 39
307 39
305 39
301 39
300 39
297 39
295 39
292 39
289 39
285 39
282 39
279 38
278 38
277 37
275 37
273 37
272 36
269 34
267 34
264 34
263 34
259 33
257 32
255 31
254 31
253 30
252 30
249 29
248 29
246 28
242 27
240 27
238 27
237 26
234 25
232 25
228 25
226 25
224 25
223 25
221 25
217 25
214 24
211 24
209 24
207 24
204 24
203 23
199 23
198 23
197 23
196 23
193 23
190 23
188 23
186 23
180 23
178 23
175 23
171 24
169 24
167 24
166 24
165 24
163 24
163 25
162 25
161 25
158 24
154 23
152 22
150 21
145 20
142 20
141 20
137 19
133 17
131 17
130 17
127 16
124 13
120 11
119 11
118 11
115 10
112 9
110 9
109 8
107 8
104 8
102 8
96 8
93 8
90 7
88 6
85 5
82 4
81 4
79 3
76 2
75 1
73 
71 
64 1
63 3
62 5
61 6
59 6
58 6
57 7
56 7
52 7
51 7
50 7
47 7
46 6
44 5
43 5
42 5
41 6
41 7
41 8
41 9
41 10
41 12
41 14
41 15
41 16
41 17
41 18
40 19
40 20
39 21
39 22
38 22
37 23
37 25
37 27
36 29
35 33
35 34
34 35
34 36
33 38
33 39
33 40
32 41
32 42
30 44
30 46
29 48
28 49
27 50
26 52
26 54
25 56
25 58
23 62
20 67
20 68
19 70
17 73
17 74
16 75
14 78
14 79
13 80
12 81
12 82
11 83
10 85
10 86
10 87
10 89
10 92
10 93
10 95
10 97
10 99
10 100
10 101
10 103
10 105
10 108
10 110
10 112
9 113
9 114
7 117
6 118
