694 57
693 57
691 57
690 57
688 57
685 57
684 57
682 57
677 57
673 57
670 57
669 57
666 56
664 55
661 54
660 54
659 54
656 54
655 54
652 54
648 54
645 53
641 53
640 53
638 53
636 53
635 53
632 53
629 52
628 51
627 51
626 50
624 50
623 50
622 50
620 50
618 50
617 50
614 48
611 47
609 47
608 47
606 47
600 47
595 47
594 47
592 47
591 47
589 47
584 47
582 47
581 47
578 47
576 47
574 47
570 47
569 47
567 47
561 47
560 47
559 47
558 46
558 45
557 45
557 44
557 42
557 41
557 40
557 37
557 35
557 33
556 32
554 31
552 30
551 30
550 30
549 30
544 30
543 30
542 30
541 30
539 30
537 30
536 30
533 31
531 31
530 31
529 32
528 32
527 32
524 32
521 32
516 33
514 34
512 35
511 36
509 36
507 38
505 41
504 44
503 46
502 47
500 48
497 49
495 50
493 50
487 51
485 51
482 53
479 53
475 53
472 53
469 53
467 54
466 55
465 55
464 56
462 56
461 56
460 58
459 59
457 59
454 59
453 59
452 60
450 61
449 61
446 62
445 63
443 65
442 65
440 65
436 65
435 65
434 65
432 65
428 64
425 64
424 64
423 64
422 64
420 62
419 61
418 60
416 59
415 58
413 58
412 58
410 57
408 56
405 56
403 56
402 55
400 55
399 55
398 55
397 55
396 55
394 54
392 53
391 53
389 53
388 53
385 53
382 53
381 53
378 54
377 55
376 56
375 56
374 58
373 59
372 59
370 61
369 62
368 63
367 64
366 65
365 66
364 68
363 69
362 70
361 71
360 72
359 73
357 74
355 78
353 80
352 81
352 82
352 83
352 84
351 85
351 86
350 87
350 89
350 91
350 94
350 95
350 96
350 98
350 99
350 101
350 102
350 103
349 105
348 106
348 107
346 108
345 109
345 110
343 110
341 110
340 110
339 110
338 109
338 107
336 106
336 104
335 101
334 100
334 99
334 98
333 97
333 95
332 94
331 93
329 91
327 91
325 90
324 89
323 87
323 86
322 84
321 82
320 80
319 79
316 78
313 77
312 76
310 76
310 74
309 72
308 71
308 68
308 66
307 65
307 64
307 63
307 62
307 61
307 59
306 58
306 57
305 54
305 53
303 51
302 49
302 48
301 46
301 44
301 42
301 40
301 38
301 37
301 35
301 32
301 30
301 28
301 25
301 24
301 21
301 20
301 19
301 16
300 14
299 12
298 11
297 9
296 8
295 7
294 6
294 5
292 4
290 3
289 3
288 3
287 3
285 3
284 3
282 3
279 3
276 3
273 3
269 3
268 2
266 2
263 
245 
244 
241 1
236 2
232 3
229 3
227 3
226 4
223 4
222 4
217 4
214 4
213 4
212 4
210 4
208 5
207 5
205 6
204 6
200 7
198 7
196 8
195 8
194 9
191 9
186 10
182 10
180 11
177 11
171 11
170 11
167 11
165 11
163 11
161 11
160 11
158 11
156 11
153 11
152 11
149 11
146 12
145 12
144 12
143 12
141 13
140 14
137 15
136 15
135 16
132 17
126 17
123 17
120 17
116 17
115 17
111 17
108 17
105 17
104 17
103 17
101 18
98 21
97 22
95 25
93 28
92 30
92 31
91 32
90 34
90 37
89 39
89 40
89 41
89 43
87 45
86 46
85 49
83 50
80 51
77 53
75 54
74 54
73 55
68 55
65 55
62 55
60 55
59 55
55 55
54 55
53 55
51 54
49 53
48 53
47 52
44 52
43 52
42 52
39 52
37 52
36 52
32 52
29 52
28 51
26 50
20 50
19 50
17 51
17 52
15 55
14 55
13 57
12 59
11 61
10 61
10 62
9 64
9 66
8 67
8 68
8 69
8 71
8 72
8 74
8 75
8 76
8 77
8 78
8 79
8 82
8 83
8 84
8 86
8 88
8 90
8 92
9 94
9 96
9 98
9 99
10 100
12 100
14 100
17 100
18 100
19 100
22 100
24 100
25 100
26 100
28 99
28 98
29 96
31 95
32 93
32 92
35 91
35 90
37 89
39 88
41 88
43 87
44 87
45 87
48 87
48 88
50 88
51 90
52 90
52 91
53 92
54 93
57 95
60 96
61 98
63 98
63 99
64 100
65 100
67 101
68 103
69 104
70 106
70 107
70 109
70 110
70 111
70 113
71 114
72 116
72 117
72 119
72 121
73 121
73 122
74 123
76 126
76 129
77 131
78 132
78 135
78 137
78 138
78 140
78 142
79 142
79 143
80 144
80 145
81 147
82 148
83 149
84 150
86 152
86 153
87 154
88 156
90 159
91 161
93 163
95 165
97 166
98 167
99 169
101 170
102 171
103 172
104 172
105 173
106 174
107 176
108 178
108 179
109 179
109 180
110 181
110 183
111 185
111 187
111 188
113 190
115 192
118 194
119 195
119 196
120 197
122 199
123 201
124 203
125 205
126 206
128 208
129 209
130 210
132 211
134 212
136 212
139 213
140 213
142 214
143 216
144 216
145 216
146 217
147 218
151 221
152 222
154 223
155 224
158 225
158 226
159 227
160 227
161 228
161 229
162 230
163 230
165 231
167 232
168 233
169 236
169 237
169 240
169 242
169 244
169 246
169 247
169 248
169 250
169 251
169 253
169 254
169 255
169 257
169 259
169 262
170 265
171 268
172 270
172 272
173 274
174 276
175 278
175 279
175 280
176 281
177 282
179 285
180 286
181 287
181 288
181 289
183 291
183 292
184 293
185 294
186 295
186 296
187 297
188 298
188 299
188 301
188 302
188 304
188 306
188 308
188 310
188 311
188 312
188 313
188 314
188 315
188 316
188 318
188 319
188 320
188 321
188 324
188 327
188 329
188 332
188 334
188 337
188 339
187 342
187 343
187 346
187 347
187 349
187 350
187 351
187 353
187 355
186 356
185 357
184 362
184 363
184 364
183 367
183 369
181 373
181 374
181 375
181 376
181 377
181 378
181 380
182 381
184 385
184 386
185 388
185 389
186 389
187 391
188 392
189 393
189 394
190 395
191 396
192 397
193 398
193 399
194 400
195 401
196 402
197 402
199 403
199 404
201 404
201 405
203 407
204 408
207 409
209 410
211 411
213 413
213 414
213 417
214 418
214 420
214 421
212 422
210 423
206 425
205 426
200 428
199 428
197 428
196 428
194 429
192 431
190 432
189 433
187 435
186 437
185 438
185 439
184 440
183 441
183 442
182 444
181 445
181 446
181 448
181 449
182 450
183 451
183 452
183 453
182 454
180 455
178 455
177 455
174 455
172 455
166 456
164 456
161 457
159 457
156 457
153 457
149 457
148 457
146 457
144 457
141 457
140 457
138 457
137 457
135 457
132 455
130 455
129 455
128 455
125 455
124 455
121 455
116 455
111 457
108 457
106 457
105 457
104 457
103 457
100 458
98 459
95 460
94 460
93 460
92 460
90 460
89 460
86 460
84 461
83 462
80 463
78 465
76 466
73 466
70 468
68 469
66 469
64 469
61 469
59 469
58 469
57 469
53 470
52 470
48 470
45 470
44 471
42 472
41 472
38 473
38 474
36 474
35 474
34 475
33 477
32 477
31 480
30 480
28 483
28 486
28 488
27 491
27 492
26 493
26 495
26 496
26 497
26 499
26 500
26 501
26 502
28 505
29 506
30 507
31 509
32 510
35 511
42 511
44 511
48 511
52 511
54 511
55 511
56 511
58 511
59 511
60 511
61 511
62 511
64 511
67 512
71 512
72 512
75 513
77 513
79 513
83 513
86 513
89 513
91 513
95 513
97 513
102 513
105 513
109 513
112 513
117 513
120 513
124 513
127 513
132 513
135 513
139 513
141 513
143 513
146 513
152 513
158 513
164 513
167 513
169 513
173 511
178 510
184 510
187 510
192 510
194 510
198 510
201 510
206 510
209 510
213 510
216 510
220 510
223 510
224 510
225 510
227 510
233 510
238 510
244 510
245 510
247 510
248 510
252 510
255 510
259 510
260 510
263 510
265 510
270 510
273 510
276 510
277 510
279 510
282 511
288 512
291 512
295 512
298 512
301 512
307 512
310 512
313 512
317 512
320 512
325 512
328 512
333 512
335 512
340 512
343 512
350 512
355 512
360 512
362 512
365 512
372 512
378 512
381 512
385 512
388 512
395 512
400 512
405 512
409 512
412 512
415 512
417 512
420 512
425 512
427 512
431 512
434 512
437 512
447 512
456 512
459 512
462 512
467 512
469 512
470 512
473 512
479 512
483 512
490 512
494 512
499 512
502 512
506 512
508 512
510 512
514 510
521 510
527 510
529 510
532 510
535 510
542 510
547 510
554 510
559 510
564 510
567 510
569 510
573 510
575 510
581 510
585 510
586 510
589 510
592 510
599 510
602 510
604 510
606 510
609 510
611 510
615 510
616 510
619 510
622 510
627 510
630 510
633 510
636 510
642 510
645 511
648 512
650 512
652 512
655 512
657 512
661 512
664 512
665 512
666 512
667 512
669 512
672 512
674 512
675 512
677 512
680 512
682 512
684 510
686 510
687 510
688 509
688 508
687 506
686 503
685 502
684 500
682 500
681 499
679 499
676 499
674 499
672 499
669 499
667 499
666 499
665 499
663 499
661 499
660 499
659 499
659 498
658 497
657 496
656 495
656 494
656 493
655 491
654 489
654 488
654 487
654 485
655 484
656 483
657 483
659 483
660 483
661 483
662 482
661 481
661 480
660 479
659 477
659 476
659 475
659 474
660 472
661 471
662 470
662 469
663 469
664 468
665 466
665 465
665 463
665 462
665 461
665 460
663 457
662 455
661 454
661 453
659 452
657 452
655 452
653 452
651 452
649 452
646 452
643 452
640 452
636 452
633 452
631 452
629 452
628 452
626 452
625 451
624 451
620 451
619 451
618 450
617 449
616 448
615 448
614 448
612 447
612 446
610 445
610 442
609 441
608 440
606 439
605 439
604 439
601 439
600 439
599 439
597 439
596 439
594 439
592 440
591 440
590 441
589 441
586 441
583 441
582 441
581 441
580 441
578 441
577 442
573 444
572 444
570 444
568 444
567 444
566 444
564 444
562 444
561 443
557 443
554 443
551 443
549 443
547 443
544 442
541 442
539 442
538 442
536 442
533 442
531 441
529 441
528 441
527 441
525 441
523 441
522 441
522 440
520 440
517 439
514 439
510 439
507 438
500 438
498 438
496 440
494 442
493 443
491 444
490 445
489 446
488 447
485 447
482 448
481 449
479 449
476 449
475 449
472 449
469 449
467 449
466 449
465 448
461 446
458 445
454 444
453 444
453 443
453 442
452 441
450 439
448 438
445 438
441 438
435 438
433 438
430 438
427 438
425 438
424 438
420 439
417 439
414 441
411 441
409 442
406 443
403 444
400 445
399 445
396 445
395 445
394 445
393 445
392 446
388 447
386 448
381 449
379 449
378 450
377 450
375 450
373 450
371 451
369 451
366 451
364 451
361 451
359 452
358 452
355 452
353 452
352 452
350 453
348 453
345 453
343 453
341 453
340 453
337 454
335 454
334 454
331 454
329 454
328 454
327 454
326 454
324 454
323 454
320 454
319 454
316 454
312 454
308 455
306 456
304 457
303 457
303 458
302 459
301 460
299 464
295 466
292 468
289 469
287 471
286 471
284 472
282 473
280 474
279 474
276 475
270 476
268 476
267 477
264 478
263 478
262 478
259 479
254 480
250 481
248 481
247 481
245 481
241 481
235 481
233 481
233 480
230 478
227 478
225 477
224 476
224 475
222 474
220 473
217 472
216 471
214 469
213 468
212 467
211 466
210 466
210 465
210 463
209 460
208 458
208 457
208 456
208 453
208 452
208 450
208 448
208 445
209 444
212 442
214 440
216 439
217 438
218 438
220 437
222 437
222 436
222 434
222 432
222 431
222 428
222 427
222 424
222 422
222 420
222 419
222 417
222 416
222 415
222 413
221 411
220 410
220 409
219 409
218 409
217 407
216 407
215 406
215 405
213 403
212 402
211 400
211 398
210 396
209 394
208 393
207 391
206 389
205 386
205 385
204 383
204 382
204 380
204 377
204 374
204 371
204 369
204 367
204 366
204 365
204 364
204 363
205 361
207 358
207 357
208 356
211 354
211 353
213 352
215 350
216 349
217 348
217 347
220 346
224 343
226 342
227 340
229 340
231 337
233 334
235 332
236 332
237 330
239 329
239 328
240 326
242 323
244 321
245 319
247 317
249 315
250 313
251 313
252 311
253 310
253 309
253 308
254 308
254 305
254 304
254 301
255 299
256 296
257 293
258 292
259 291
259 289
260 289
260 286
261 284
261 283
261 281
261 279
262 279
262 278
261 278
258 277
257 275
256 274
255 272
253 270
252 268
251 267
248 265
247 264
246 263
244 262
241 260
240 259
239 258
238 258
237 258
235 257
232 256
228 255
227 255
225 253
224 251
222 250
222 248
222 247
222 246
221 243
219 240
218 239
217 239
215 237
213 235
211 233
211 232
210 231
209 230
208 230
207 229
206 229
204 228
201 226
198 226
196 226
194 225
192 224
191 224
189 224
188 224
186 224
183 224
181 224
178 224
175 223
173 223
170 223
165 222
163 222
160 222
159 222
158 222
156 220
155 219
153 217
152 216
148 214
147 214
146 214
145 211
144 209
144 206
144 205
144 204
144 202
144 201
144 198
144 197
144 196
144 192
144 189
144 188
144 187
144 185
144 184
144 183
144 180
144 178
144 177
144 176
144 175
145 175
148 175
149 175
150 175
151 175
154 175
156 175
159 175
161 176
162 176
165 177
167 177
168 177
171 176
173 175
175 175
176 175
177 173
178 171
179 169
180 167
180 166
180 163
180 161
181 158
181 157
182 155
184 151
185 151
185 150
186 150
188 149
190 147
191 146
193 144
195 142
196 142
197 142
200 141
201 140
203 139
206 137
208 136
210 136
213 134
215 133
217 131
218 131
219 130
220 130
221 127
221 125
221 123
222 122
222 121
222 120
222 117
222 115
222 111
222 108
222 107
222 106
222 105
220 103
219 103
215 102
209 102
206 103
205 103
203 101
201 99
200 97
199 96
198 94
197 92
195 91
193 91
192 89
190 88
189 88
187 88
186 90
184 93
182 93
180 98
179 100
177 102
175 103
172 106
170 108
168 109
167 109
166 107
165 106
164 104
162 102
161 101
160 99
160 98
160 96
159 94
158 94
158 92
157 89
157 87
157 86
157 84
157 81
157 79
159 77
161 75
162 74
162 73
163 71
165 66
166 64
167 62
168 61
169 60
170 57
171 57
174 57
175 57
176 57
179 58
182 59
186 59
189 59
189 60
189 63
189 64
187 64
185 66
182 69
180 71
179 72
179 73
179 74
179 75
179 77
182 78
186 78
190 79
196 79
200 79
203 78
204 77
205 75
205 73
205 69
205 68
205 65
205 59
204 58
201 58
199 57
195 56
192 55
191 54
190 53
189 51
189 50
189 47
188 46
187 43
187 42
186 40
186 37
185 36
184 34
184 31
184 29
185 28
189 26
191 26
192 26
196 28
201 28
202 28
203 28
204 28
205 29
206 29
207 30
208 32
210 34
212 36
214 38
217 41
218 41
218 43
218 46
218 48
218 49
218 50
218 53
218 55
218 58
218 59
219 61
219 62
220 64
221 66
222 68
224 71
228 74
230 77
233 78
234 79
235 80
237 81
240 82
241 83
241 84
243 84
244 84
248 84
249 83
250 82
250 80
252 77
254 73
255 71
256 69
257 68
261 64
262 63
263 62
263 61
264 61
265 60
266 60
269 60
270 60
271 60
274 60
280 59
286 59
287 60
287 62
288 65
291 70
294 72
296 74
299 76
302 77
302 78
304 79
309 80
310 81
311 81
313 82
315 82
317 83
318 83
319 83
319 85
319 88
319 90
319 93
319 94
319 95
319 96
319 97
318 97
317 98
317 99
317 100
317 101
317 104
317 105
317 106
317 107
317 108
317 109
317 111
317 115
317 119
317 121
318 122
320 124
324 126
325 127
326 128
326 129
326 131
325 133
324 135
320 136
316 138
315 139
314 139
313 140
311 141
310 145
310 146
310 148
310 149
310 150
310 152
312 154
313 156
314 156
314 157
315 158
316 161
316 164
316 168
316 169
316 170
316 171
315 172
314 173
313 174
309 175
308 176
307 176
306 177
305 177
305 178
305 179
305 182
305 183
305 184
304 186
302 189
302 190
301 192
301 193
299 196
297 199
297 201
297 204
296 207
296 209
296 211
296 213
296 216
296 220
297 222
297 226
299 230
300 232
300 233
301 235
303 237
305 238
308 240
309 241
311 243
313 244
315 245
316 246
319 246
322 246
326 246
330 246
331 246
335 245
336 244
337 243
339 241
341 240
343 239
346 239
346 241
346 244
346 245
346 248
346 250
346 254
347 256
349 258
350 259
351 259
353 263
353 267
355 271
355 274
355 278
355 281
355 285
355 287
355 289
355 292
355 294
355 295
355 299
355 302
355 306
355 309
355 313
355 314
355 316
355 318
355 321
355 324
357 326
358 328
360 330
361 331
364 333
366 336
370 337
373 338
375 338
376 338
378 338
382 338
384 337
385 336
387 334
388 330
388 326
388 323
388 318
388 317
390 314
390 313
392 311
395 308
395 307
396 305
397 304
397 303
397 302
397 300
397 298
397 295
398 291
401 289
402 288
403 286
404 286
404 285
405 284
405 283
406 280
407 276
407 274
408 274
409 270
409 269
409 268
409 267
411 266
412 265
415 264
419 262
421 261
423 258
425 255
425 254
425 250
426 246
427 242
427 240
427 239
427 238
427 235
428 234
428 232
428 231
430 230
431 227
431 226
431 224
431 223
431 222
430 220
430 218
430 216
431 214
432 213
436 212
439 211
442 211
445 211
448 211
449 211
449 207
449 205
449 203
448 201
448 199
448 198
448 196
448 195
448 194
451 194
455 195
460 195
464 195
466 197
468 199
469 201
472 204
473 207
474 209
475 211
477 213
477 216
478 219
480 221
480 222
481 223
481 225
483 226
483 227
483 228
483 229
484 231
485 231
486 232
488 234
489 234
490 235
493 235
496 234
497 233
497 231
497 228
497 225
497 221
496 219
495 217
494 215
494 214
494 210
495 208
497 207
503 207
506 208
510 208
512 208
514 208
515 208
517 208
520 212
523 215
524 216
526 218
527 219
527 221
527 224
527 226
527 228
524 232
524 233
523 234
522 239
522 243
522 247
522 250
523 253
525 254
528 257
529 261
533 263
541 265
543 266
544 267
546 267
548 270
552 273
553 274
555 276
558 278
564 281
566 282
567 283
571 284
574 285
575 286
576 287
579 288
579 289
579 292
577 295
576 297
576 298
574 300
573 300
569 302
567 303
564 305
559 306
558 306
558 307
558 308
557 309
557 310
557 311
557 314
557 316
557 318
557 322
557 325
557 326
557 328
557 331
557 332
557 334
559 336
563 337
566 337
570 337
574 337
576 336
580 335
583 334
585 334
586 334
588 335
590 337
593 340
594 341
596 344
596 346
597 347
600 350
603 353
604 353
605 354
609 355
610 356
611 356
613 358
614 359
616 360
620 360
621 360
622 360
624 359
626 357
626 354
626 352
626 350
626 347
626 345
626 343
626 341
626 339
628 335
628 334
629 331
630 329
631 328
631 327
632 323
633 320
633 317
633 316
633 313
632 312
631 310
628 307
627 304
626 302
624 299
623 297
622 295
621 293
621 291
620 289
619 288
618 286
618 283
618 282
618 280
620 279
621 279
622 279
623 278
624 276
624 273
623 270
621 267
620 266
619 264
615 262
608 261
604 261
604 260
602 259
600 258
595 258
591 258
590 257
588 256
587 256
587 254
586 251
586 245
586 244
585 242
584 239
584 234
581 232
578 229
577 225
575 219
575 218
574 212
573 211
570 208
566 206
564 208
562 211
561 213
559 216
558 220
558 222
558 225
558 228
557 230
554 231
552 230
551 228
551 226
551 225
551 223
551 222
551 220
551 219
549 218
549 216
548 213
547 212
547 211
548 208
548 207
549 206
551 205
554 204
557 202
560 202
564 200
565 200
566 200
567 197
568 194
570 192
572 190
574 188
576 185
577 183
578 180
578 179
578 177
578 175
577 174
576 173
575 172
575 170
574 169
573 168
572 167
571 166
570 165
569 162
568 159
568 158
568 157
568 156
569 153
569 152
570 151
572 150
575 153
577 158
578 162
579 164
580 165
581 166
588 167
590 167
593 167
596 167
597 167
598 167
602 168
604 169
605 169
606 169
607 168
608 167
609 164
609 163
609 161
610 158
610 155
610 153
611 150
612 147
613 145
614 142
615 139
616 138
616 136
616 131
616 129
617 125
618 122
618 119
618 118
618 116
617 114
614 112
611 112
610 112
607 112
605 111
604 111
604 110
604 107
604 106
604 101
604 100
604 99
606 98
609 96
614 95
620 95
623 95
624 95
626 95
628 95
633 95
637 96
642 96
644 96
645 96
646 96
651 95
653 95
655 94
654 95
650 99
644 101
643 102
640 105
639 106
639 111
639 116
639 118
639 119
641 120
642 120
644 120
650 117
654 114
657 113
657 111
657 109
658 105
659 101
659 96
661 94
664 90
665 89
666 89
669 89
672 89
673 89
676 89
678 89
679 89
682 87
684 87
685 87
688 85
688 84
690 83
693 80
695 78
696 77
