719 85
714 85
713 85
710 85
708 85
703 86
698 86
693 86
691 86
689 86
687 86
684 86
682 87
678 88
677 88
676 88
672 88
670 88
668 88
666 88
664 88
661 88
659 88
656 88
654 88
652 88
650 88
648 88
646 88
645 88
643 88
641 88
638 88
635 88
630 88
627 88
624 88
622 88
619 88
616 88
613 88
608 88
605 88
602 88
600 88
596 88
592 88
589 88
584 88
582 88
581 88
577 88
574 88
568 89
565 89
561 89
559 89
557 89
554 89
552 89
548 89
545 89
544 89
543 89
541 89
539 89
536 89
534 89
531 89
529 89
525 89
522 89
516 89
514 89
512 89
509 89
507 89
504 89
502 89
498 89
495 89
493 89
490 89
486 89
481 89
478 89
477 89
475 89
473 89
471 89
468 89
465 89
462 89
459 89
455 89
453 89
447 89
445 89
443 89
442 89
441 89
439 89
435 89
431 89
427 89
425 89
421 89
419 89
413 89
409 89
405 89
402 89
400 89
396 89
393 89
389 89
386 89
381 89
378 89
375 89
373 89
370 89
369 89
367 89
365 89
362 89
360 89
358 89
355 89
353 89
351 89
349 89
346 89
344 89
342 89
340 89
338 89
337 89
336 89
335 89
332 89
330 89
327 89
325 89
321 89
319 89
315 89
314 89
313 89
311 89
309 89
308 89
305 89
303 89
300 89
298 89
296 89
293 89
292 89
290 89
289 89
287 89
286 89
285 89
282 89
280 89
276 89
273 89
269 90
268 90
266 91
264 91
261 91
259 91
257 91
256 91
254 91
252 91
248 91
246 91
242 91
240 91
238 91
235 91
233 91
230 91
228 91
227 91
226 91
223 91
221 91
220 91
219 91
217 91
215 91
214 91
212 91
210 91
208 91
205 91
202 91
198 91
196 91
193 91
190 91
185 91
182 91
179 91
178 91
177 91
174 91
171 91
167 91
165 91
160 91
157 91
154 91
153 91
152 91
151 91
150 91
147 91
144 91
142 91
140 91
138 91
135 91
133 91
130 91
127 91
121 91
119 91
117 91
115 91
111 91
109 91
108 91
105 91
102 91
98 91
94 91
90 91
87 91
86 91
84 92
81 92
79 92
78 92
75 92
73 92
72 92
69 92
67 93
66 93
63 94
61 94
58 95
56 95
54 97
53 97
51 98
48 98
46 99
45 99
44 100
43 100
42 100
40 101
39 102
38 103
37 105
36 107
36 108
36 109
35 109
35 110
35 111
35 112
35 114
33 116
33 117
32 119
32 120
32 121
32 124
32 125
32 126
32 127
32 128
32 129
32 130
32 132
32 133
32 134
32 135
32 137
32 138
32 139
32 141
32 142
32 144
32 145
32 147
32 149
32 150
32 152
32 153
32 155
33 156
33 157
33 158
34 160
35 161
35 164
35 166
36 167
37 169
37 170
38 172
38 173
38 174
39 176
40 178
41 180
42 181
43 183
44 184
45 185
46 187
47 187
49 189
50 189
51 190
52 191
53 191
54 192
58 192
61 193
64 194
65 194
66 195
68 196
70 197
72 197
73 198
76 198
77 199
78 200
79 200
81 201
83 201
86 203
88 203
91 203
92 203
94 203
95 203
97 203
99 204
101 204
103 204
104 204
106 204
107 204
108 204
109 204
111 204
112 204
113 204
114 204
115 204
116 204
117 204
120 204
121 204
123 204
125 204
128 204
130 204
133 204
135 204
137 204
138 204
139 204
141 204
143 204
145 204
147 204
148 204
149 204
152 204
153 204
154 204
155 204
156 204
157 204
158 204
159 204
160 204
162 204
164 204
166 203
169 203
172 203
174 203
176 203
178 203
180 203
181 203
183 203
184 203
186 203
187 203
189 203
192 203
194 203
196 203
197 203
199 203
201 203
204 203
205 203
207 203
209 203
210 203
211 203
212 203
214 203
215 203
216 203
218 203
219 203
220 203
222 203
225 202
227 201
229 201
231 201
232 201
233 201
234 201
235 201
238 201
240 201
243 200
244 200
246 200
248 200
249 200
251 200
253 200
255 200
258 200
259 200
262 200
264 200
266 200
268 200
269 200
270 200
272 200
273 200
275 200
277 200
278 200
279 200
281 200
282 200
283 200
285 200
287 200
288 200
289 200
290 200
291 200
294 200
296 200
297 200
298 200
301 200
302 200
305 200
306 200
308 200
309 200
311 200
312 200
315 200
317 200
318 200
320 200
322 200
325 200
327 200
328 200
329 200
332 200
335 200
338 200
339 200
341 200
342 200
343 200
345 200
347 200
349 200
350 200
352 200
353 200
354 200
356 200
357 200
360 200
362 200
365 200
367 200
368 200
369 200
370 200
372 200
373 200
374 200
376 200
377 200
378 200
379 200
381 200
384 200
386 200
389 200
392 200
393 200
395 200
397 200
398 200
399 200
400 200
403 200
405 200
408 200
410 200
411 200
412 200
415 200
416 200
419 200
420 200
423 200
426 200
429 200
431 200
436 200
439 200
445 200
447 200
451 200
452 200
455 200
458 200
459 200
462 200
464 200
467 200
469 200
470 200
471 200
473 200
475 200
478 200
480 200
483 200
485 200
487 200
488 200
489 200
490 200
491 200
492 200
495 200
496 200
497 200
498 200
500 200
502 200
503 200
504 200
505 200
507 200
508 200
510 200
512 201
513 202
515 202
517 202
519 203
521 203
523 204
525 205
527 205
528 205
529 205
532 205
534 206
535 206
538 206
539 206
540 206
541 206
542 206
544 206
546 206
548 206
549 206
551 206
553 206
555 206
556 206
557 206
559 207
560 207
561 208
562 209
563 209
564 209
566 209
567 209
568 209
571 209
573 209
575 210
576 210
577 211
580 211
582 211
583 211
585 211
587 212
590 212
592 212
593 212
595 212
596 212
597 212
598 212
599 212
600 213
601 214
603 214
605 214
607 214
608 214
610 215
613 217
614 217
616 217
617 217
618 217
619 218
620 218
623 220
624 220
626 220
627 221
630 222
631 223
633 223
635 223
636 224
637 224
638 225
640 226
640 227
641 228
642 228
642 229
642 230
643 230
644 231
645 232
646 232
646 233
648 234
649 235
650 235
651 235
653 236
654 236
655 238
656 239
657 240
657 241
658 242
659 243
659 244
660 245
660 246
660 247
661 248
661 249
662 250
663 251
663 253
663 254
663 255
664 257
665 259
665 260
666 262
666 263
666 264
667 265
668 268
668 269
668 270
668 272
669 272
669 274
669 275
669 276
669 278
669 279
669 280
669 282
669 284
669 287
669 289
669 292
669 294
669 297
669 298
669 299
669 300
669 301
669 303
669 304
669 305
668 306
668 307
666 309
665 311
663 313
663 314
662 314
662 316
661 316
660 317
659 319
659 320
657 322
656 323
656 324
654 326
653 326
651 327
650 328
649 328
647 329
645 330
644 331
642 332
640 333
638 335
636 335
634 335
633 335
632 336
630 337
628 337
627 338
626 338
624 338
622 338
621 338
620 339
617 340
616 341
614 341
612 341
609 341
609 342
607 343
605 343
603 343
602 343
601 343
599 343
598 343
597 343
596 343
595 343
593 343
591 343
590 343
589 343
587 343
586 343
584 343
583 343
582 343
581 343
580 343
578 343
577 343
576 343
575 343
573 343
571 343
569 343
567 343
565 343
563 343
561 343
559 343
557 343
556 343
554 343
553 343
551 343
548 343
546 343
544 343
541 343
539 343
537 343
536 343
533 343
531 343
530 343
529 343
528 343
526 343
524 344
523 344
522 344
520 344
517 344
515 344
511 344
510 344
507 344
506 344
503 344
502 344
501 344
500 344
498 344
497 344
496 344
495 344
492 344
490 344
489 344
488 344
486 344
483 344
480 344
475 345
474 345
473 345
471 345
467 345
465 345
462 345
461 345
458 345
456 345
453 345
450 345
447 345
446 345
444 345
443 345
442 345
438 345
436 345
433 345
431 345
427 345
424 345
420 345
418 345
413 345
410 345
408 345
406 345
404 345
400 345
397 345
394 345
393 345
391 345
389 345
386 346
384 346
381 346
377 346
375 346
372 346
370 346
368 346
364 346
362 346
360 346
356 346
354 346
352 346
349 346
346 346
342 346
338 346
336 346
335 346
334 346
332 346
330 346
328 346
325 346
324 346
321 346
318 346
316 346
313 346
311 346
309 346
308 346
306 346
305 346
303 346
301 346
299 346
296 346
294 346
292 346
288 346
286 346
280 346
277 346
275 346
272 346
269 346
267 346
264 346
262 346
260 346
257 346
255 346
253 346
252 346
250 346
249 346
248 346
247 346
246 346
243 346
240 346
237 346
235 346
233 346
232 346
230 346
229 346
226 346
224 346
223 346
221 346
218 346
216 346
213 346
210 346
208 346
206 346
203 346
201 346
197 346
195 346
193 346
192 347
189 348
185 348
184 348
181 348
179 348
177 348
176 348
174 348
173 348
170 348
168 348
165 348
163 348
160 348
158 348
156 348
154 348
151 348
148 348
147 348
146 348
144 348
143 348
142 348
141 348
140 348
137 348
135 348
132 348
131 348
129 348
128 348
126 348
123 348
121 348
118 348
117 348
115 348
113 348
111 348
108 348
106 348
103 348
100 348
96 348
93 349
92 349
89 350
87 351
86 351
83 352
82 352
79 353
77 354
74 354
73 355
71 355
71 356
68 357
68 358
67 358
67 360
66 361
65 362
65 363
64 364
64 365
63 367
62 368
61 369
60 370
60 371
58 374
57 375
56 377
56 379
55 381
54 382
53 384
52 386
51 389
50 390
50 391
50 393
49 394
49 395
49 396
49 398
49 399
49 400
49 402
49 403
49 405
49 406
49 407
49 409
49 412
49 414
49 415
49 416
50 418
50 419
52 421
52 422
53 424
53 425
54 427
55 428
56 430
59 432
61 434
62 435
64 437
65 439
68 440
71 441
73 442
76 442
78 442
84 442
90 442
96 442
97 443
98 443
99 444
100 444
101 444
102 445
105 445
107 445
111 446
115 448
119 448
122 449
128 450
132 450
136 450
139 450
142 450
143 450
144 450
145 450
147 450
149 450
152 450
154 450
158 450
160 450
163 450
166 450
168 450
169 450
172 450
175 450
177 450
180 450
183 450
185 450
187 450
190 450
192 450
196 450
198 450
201 450
204 450
207 450
209 450
212 450
216 450
222 450
225 450
226 450
227 450
229 450
231 450
236 450
239 450
241 450
243 450
245 450
247 450
249 450
251 450
252 450
253 450
255 450
256 450
258 450
260 450
263 450
266 450
269 450
273 450
274 450
276 450
279 450
282 450
284 450
286 450
288 450
291 450
293 450
294 450
297 450
299 450
301 450
304 450
306 450
309 450
311 450
313 450
315 450
318 450
320 450
323 450
325 450
328 450
331 450
333 450
337 450
338 450
339 449
340 449
342 448
343 448
346 448
348 448
350 447
351 447
353 447
355 447
358 447
360 447
362 447
364 447
367 447
369 447
372 447
375 447
380 445
381 445
383 445
385 445
388 445
391 445
393 445
396 445
398 445
400 445
401 445
404 444
407 444
411 444
416 444
418 444
419 444
422 444
425 444
429 444
436 442
444 441
447 441
449 441
450 441
452 441
453 441
454 440
456 439
457 439
460 438
464 438
466 438
471 438
474 438
477 437
479 436
482 436
484 436
488 436
490 436
493 436
495 436
497 436
499 436
501 436
504 436
505 436
507 436
508 436
510 436
512 436
514 436
516 436
518 436
520 436
523 436
525 436
528 436
530 436
533 436
535 436
539 436
541 436
543 436
544 436
546 436
548 436
549 436
550 436
551 436
553 436
555 436
558 436
560 436
563 436
565 436
566 436
568 436
572 436
575 436
579 436
581 436
582 436
583 436
586 436
587 436
588 436
590 436
592 436
594 436
596 436
598 436
601 436
603 436
606 436
608 436
611 436
612 436
615 436
616 436
620 436
622 436
626 436
630 436
631 436
633 436
636 436
637 436
638 436
639 436
642 436
644 436
646 436
647 436
649 436
650 436
652 436
655 437
656 438
658 438
659 438
660 438
662 438
663 438
664 438
665 438
667 439
