10 434
13 433
18 432
19 432
21 432
22 432
23 432
24 432
25 432
27 432
30 432
31 432
33 432
34 432
35 432
36 432
38 432
40 432
42 432
44 432
45 432
47 432
48 432
49 432
52 432
53 432
55 432
56 432
59 432
62 432
66 432
68 432
69 432
70 432
72 432
73 432
74 432
75 432
76 432
78 432
80 432
82 432
84 432
85 432
87 432
88 432
89 433
90 433
91 433
92 433
95 433
96 433
97 434
98 435
102 435
103 435
106 435
107 435
109 435
110 435
111 435
112 435
114 435
116 435
118 435
121 435
124 435
127 435
128 435
130 435
131 435
133 434
134 433
137 433
138 433
140 433
141 433
143 433
144 433
146 433
147 433
148 433
150 433
151 433
154 433
155 433
156 433
157 433
158 433
159 433
161 433
163 433
165 433
167 432
169 432
172 432
174 432
177 432
179 432
181 432
183 432
184 432
185 432
187 432
188 431
190 431
192 431
193 430
196 430
197 429
198 429
200 429
202 428
203 428
204 428
205 427
206 427
207 426
208 426
210 424
211 423
211 422
212 421
213 420
214 418
214 416
214 415
214 414
214 413
214 412
214 410
214 409
214 407
214 404
214 403
214 401
214 400
214 399
214 397
215 396
216 395
216 394
216 393
217 392
218 391
219 391
219 390
219 388
219 387
219 386
220 384
220 381
220 380
220 379
220 377
220 375
220 374
220 373
220 372
221 371
221 370
221 368
221 367
221 366
221 365
221 364
221 362
221 361
221 360
220 359
219 357
218 356
217 355
216 354
216 353
215 353
214 353
213 352
212 350
211 349
210 348
210 346
209 346
209 345
208 344
205 343
203 343
201 342
200 342
199 342
197 342
195 342
194 342
192 342
191 342
190 342
188 342
186 341
185 341
184 341
183 340
182 339
181 339
180 339
178 339
176 339
174 339
173 339
172 339
171 339
170 339
169 339
166 340
164 341
163 341
159 341
157 341
156 341
154 341
152 341
149 341
148 341
147 341
146 341
144 341
142 340
141 340
140 338
140 337
139 336
139 335
138 335
138 334
137 332
135 331
135 330
135 328
135 326
134 325
134 324
134 322
134 321
134 320
133 318
132 317
132 314
132 313
132 312
132 310
131 308
130 306
130 305
129 304
129 303
129 302
129 301
129 299
129 298
129 296
129 294
129 293
129 292
129 291
129 290
129 289
129 288
129 287
129 285
129 284
129 282
129 280
129 278
129 276
129 275
129 274
129 271
129 270
129 269
129 267
129 266
129 265
129 264
129 263
129 261
129 260
129 259
129 258
130 256
130 255
130 254
131 253
131 252
132 251
132 249
132 248
132 247
132 246
132 244
133 242
134 241
135 240
135 239
136 237
137 236
138 235
139 234
140 233
142 232
145 232
146 232
148 232
149 232
151 232
153 232
154 232
156 232
157 232
160 232
161 232
164 232
166 232
169 232
171 232
173 232
175 232
178 233
181 234
185 234
188 234
189 234
191 234
193 235
195 236
198 237
199 237
201 237
203 237
205 237
207 237
209 237
212 237
213 237
216 237
219 237
224 238
226 238
228 238
229 238
230 238
231 238
232 238
233 238
234 238
235 238
237 238
240 239
242 239
244 239
246 239
247 239
248 239
249 239
251 239
252 239
254 239
257 239
258 239
259 239
261 239
264 239
266 239
267 239
269 239
271 239
275 239
277 239
280 239
281 239
282 239
283 239
285 239
288 239
289 239
291 239
293 239
295 239
296 239
297 239
298 239
299 239
302 239
303 241
304 241
305 241
306 243
306 245
306 247
307 247
307 248
308 249
308 250
308 251
308 252
308 254
308 255
308 256
308 258
308 261
308 262
308 264
309 266
309 267
309 269
309 272
309 273
309 274
309 276
309 277
309 279
309 281
309 283
309 285
309 286
309 287
309 289
309 290
309 292
309 293
309 294
309 295
309 296
309 298
309 299
309 300
309 301
309 302
309 303
309 305
309 307
309 309
309 310
309 312
310 313
310 315
311 316
311 317
311 318
312 320
312 322
312 323
312 325
312 327
312 330
312 332
312 333
312 335
312 337
312 338
312 339
312 340
312 341
312 342
312 343
312 345
312 347
312 349
312 351
312 352
312 353
312 354
312 356
312 357
312 359
312 361
312 362
312 364
312 365
312 366
312 368
312 370
312 371
312 372
313 373
314 374
314 375
314 377
314 378
314 380
314 381
314 382
314 383
314 386
314 387
315 388
315 389
316 391
317 392
317 393
318 394
318 395
319 396
319 397
320 398
321 398
323 399
324 399
326 399
327 399
329 400
329 401
331 402
332 403
333 403
335 404
336 405
337 405
339 405
340 405
341 406
343 407
345 407
348 408
349 409
350 409
351 409
353 410
355 410
356 410
358 411
360 411
362 411
364 411
366 411
368 411
371 411
374 412
376 413
378 413
380 414
382 414
383 414
384 414
386 414
389 414
391 414
393 414
395 414
398 414
400 414
403 414
409 414
411 414
414 414
415 414
416 414
417 414
418 414
420 414
423 414
425 414
426 414
428 414
431 413
435 413
441 413
443 413
444 413
446 413
448 413
450 413
452 413
455 413
457 413
459 413
460 413
461 413
462 413
464 413
467 412
468 412
470 411
472 411
473 411
475 411
476 411
477 411
479 410
481 410
484 408
486 407
488 407
489 406
490 406
492 405
492 404
493 403
494 402
495 401
496 400
497 398
498 397
498 396
499 393
501 392
501 391
502 390
502 389
502 388
502 386
502 385
502 383
502 381
502 379
502 377
502 375
502 374
502 373
502 372
502 371
502 370
502 367
502 366
502 365
502 364
502 362
502 361
502 360
502 359
502 357
502 355
502 354
502 352
502 351
502 350
502 348
502 347
502 346
502 345
502 343
502 341
502 340
501 339
501 338
501 337
501 336
501 335
501 334
501 333
501 332
502 331
502 328
502 326
503 325
504 323
505 322
505 320
506 319
507 317
508 316
508 314
508 312
508 311
508 310
508 308
508 306
508 304
508 302
508 300
508 298
508 296
508 293
508 291
508 289
508 287
508 284
508 282
508 281
508 280
508 279
508 278
508 276
508 275
508 272
508 271
508 270
508 268
508 267
508 265
508 263
508 261
508 259
507 257
507 255
507 253
507 251
507 249
507 248
507 246
507 245
507 243
507 241
507 239
507 238
507 237
507 236
507 235
507 233
507 232
507 231
506 229
506 227
506 224
506 223
506 221
506 220
506 218
506 217
506 216
506 215
506 213
506 211
506 210
506 208
506 207
506 206
506 204
506 203
506 201
506 200
506 198
506 196
506 194
506 192
506 190
506 189
506 186
506 184
506 181
506 179
506 177
506 176
506 175
506 174
506 173
506 172
506 171
506 169
506 168
506 167
506 165
505 164
504 162
504 160
503 159
501 159
501 157
501 156
499 155
497 154
494 153
493 152
491 152
488 151
487 151
485 150
483 149
482 149
480 148
477 147
474 146
472 146
471 146
468 146
467 145
464 144
460 143
457 143
454 143
453 143
452 143
451 143
448 143
447 143
445 143
443 143
442 143
441 143
438 143
437 143
436 143
434 143
433 144
432 144
431 145
429 146
427 146
426 147
423 147
421 148
420 151
419 151
419 152
418 153
418 154
417 154
416 156
416 157
416 158
416 160
415 162
415 163
415 164
414 165
414 166
413 168
413 170
413 173
412 174
412 175
411 176
411 178
411 179
411 181
411 183
411 184
411 185
411 187
411 189
411 190
411 191
411 192
411 194
411 195
411 198
411 199
411 200
411 202
411 203
411 205
411 206
411 207
411 209
411 210
411 211
411 214
411 216
411 219
411 220
411 221
411 222
409 225
409 228
409 230
409 231
409 232
409 233
409 234
409 235
409 236
409 238
409 239
409 240
409 241
409 243
409 246
409 248
409 250
409 252
409 254
409 255
409 256
409 257
409 258
409 259
409 260
409 262
409 263
409 265
409 266
409 267
409 269
409 271
409 272
409 273
409 275
409 276
409 277
409 280
409 282
409 285
409 286
409 287
409 288
409 290
409 291
409 292
409 293
409 295
409 297
409 299
409 300
409 301
409 302
409 303
409 304
409 305
409 307
410 307
411 308
412 309
414 309
416 309
417 309
418 309
421 309
423 309
424 309
425 309
426 309
427 309
428 309
430 309
431 309
433 309
435 309
436 309
437 309
440 309
441 309
442 310
443 310
446 311
448 312
449 312
450 313
451 313
453 314
454 314
456 314
459 314
461 314
463 314
464 314
465 314
468 314
470 314
471 314
472 314
475 314
477 315
479 316
480 316
481 316
484 316
487 316
488 316
489 316
491 316
492 316
494 316
495 316
498 316
499 316
501 316
502 316
504 316
505 316
506 316
508 316
510 316
512 316
515 316
517 316
519 316
520 316
522 316
525 316
526 316
529 316
532 316
534 316
537 316
539 316
542 316
544 316
546 316
547 316
549 316
552 316
556 316
557 316
560 316
562 316
565 316
567 316
568 316
570 316
571 316
574 316
576 316
577 316
579 316
582 316
585 316
590 316
591 316
592 316
594 316
596 316
599 315
601 315
604 314
606 313
609 313
610 313
613 313
614 313
615 313
616 313
617 313
617 312
619 311
619 310
620 310
620 309
621 308
622 307
622 306
622 304
623 303
623 301
624 298
625 295
626 293
626 292
626 291
626 290
626 287
626 285
626 283
626 280
626 279
626 278
626 275
626 274
626 271
626 269
626 266
626 265
626 263
627 261
628 259
628 257
628 255
628 254
628 253
628 252
628 250
628 249
628 247
628 246
628 245
628 243
628 241
628 238
628 237
628 235
628 233
628 230
628 229
628 228
628 226
628 225
628 224
628 223
628 221
628 219
628 217
628 215
628 214
628 213
628 210
628 208
628 205
628 203
628 201
628 199
628 198
628 195
628 194
628 193
628 192
628 191
628 190
628 189
628 187
628 186
628 184
628 183
629 181
629 179
629 177
630 176
630 174
631 172
631 170
632 167
632 166
632 165
632 164
633 161
635 158
635 156
635 153
635 151
635 149
635 147
635 145
635 144
635 143
635 141
635 140
635 139
635 137
635 136
635 134
635 132
635 130
635 129
635 127
634 125
634 122
634 120
633 118
632 115
631 114
631 112
630 109
629 107
628 106
627 105
625 103
625 102
623 101
621 101
618 99
617 98
615 96
614 95
614 94
613 94
612 93
612 92
612 91
612 90
612 89
611 89
610 87
609 86
608 86
606 85
605 85
602 83
600 83
599 83
597 82
596 81
594 79
591 78
590 77
589 77
588 76
586 75
585 75
582 74
580 72
578 72
576 71
574 71
573 71
572 71
571 71
568 71
565 70
562 69
561 69
559 69
557 68
555 68
553 67
552 67
549 66
548 66
547 66
546 66
545 65
543 65
540 65
539 65
536 65
534 65
531 65
528 65
525 65
524 65
522 65
520 65
518 65
516 65
514 65
512 65
509 65
507 65
506 65
504 65
503 65
500 65
498 65
497 65
495 65
492 65
490 65
487 65
486 65
485 65
483 65
481 65
480 65
478 65
477 65
476 65
474 65
471 65
468 65
465 64
462 64
459 64
456 64
454 64
452 64
451 64
449 64
448 64
447 64
445 64
443 64
442 64
440 64
438 64
434 65
430 65
429 65
428 65
426 65
425 65
424 65
421 65
418 65
416 65
414 65
411 66
409 66
407 66
406 66
404 66
403 66
401 67
400 67
398 68
396 68
393 68
391 68
389 69
388 69
387 69
384 69
382 69
381 69
380 69
379 69
377 70
374 70
372 70
370 71
368 71
365 71
362 71
360 71
358 71
356 71
354 71
353 71
352 71
350 72
348 73
346 73
345 73
342 73
340 73
338 73
337 73
336 73
335 73
332 73
330 73
328 73
327 73
323 73
321 73
320 73
318 73
315 73
314 73
311 73
308 73
306 73
305 73
304 73
301 74
299 74
295 74
294 74
289 74
286 74
284 74
283 74
281 74
280 74
279 74
278 74
277 75
276 76
274 76
273 77
271 78
270 80
267 82
266 83
265 84
264 85
264 86
263 88
263 89
263 90
261 92
261 94
260 95
260 96
260 97
260 99
259 100
259 103
259 105
259 107
259 108
259 109
260 111
260 113
261 114
261 115
262 116
262 117
263 117
263 119
263 120
263 121
263 122
263 124
263 126
263 128
263 130
263 132
263 133
263 135
263 137
263 140
263 142
262 144
261 145
261 146
260 147
259 148
257 149
254 150
252 150
251 151
248 152
246 152
244 153
243 153
242 153
239 153
237 153
235 154
233 155
229 155
227 155
226 155
224 155
221 155
220 155
219 155
218 155
216 155
213 155
212 155
211 155
208 155
206 155
204 155
203 155
200 155
199 155
196 155
194 155
193 155
190 155
188 155
187 155
186 155
185 155
183 155
181 155
178 155
176 155
175 155
174 155
173 155
172 155
170 155
168 155
166 155
165 155
163 155
161 155
160 155
157 155
154 155
153 155
149 155
147 154
146 154
144 153
143 153
139 152
138 152
137 152
136 151
136 149
136 147
136 146
135 144
135 142
135 141
135 139
135 136
135 135
135 133
135 131
135 129
135 126
135 125
135 123
135 121
135 118
135 116
135 114
135 112
135 111
134 109
133 106
133 105
133 103
133 101
133 98
133 96
133 94
133 93
133 91
133 88
133 86
133 85
132 83
132 81
132 80
132 79
132 78
132 77
132 75
132 72
132 69
132 66
132 65
132 64
132 61
132 59
132 57
132 55
132 52
132 50
132 47
132 45
132 44
132 41
132 39
132 37
132 36
132 35
132 32
132 29
132 26
132 24
132 23
132 22
132 19
132 18
132 17
132 16
132 14
132 12
131 11
130 10
130 8
