3 177
6 177
8 177
11 177
12 177
13 177
15 177
16 177
17 177
19 177
21 177
24 177
26 177
29 177
31 177
36 178
40 178
45 178
46 178
47 178
48 178
50 178
52 178
52 177
55 175
57 174
59 173
60 172
61 172
61 171
63 170
64 168
65 166
66 165
66 164
67 164
68 160
68 157
68 155
69 153
70 150
71 149
71 146
71 145
71 144
71 141
71 140
72 137
73 135
73 134
73 132
73 130
73 129
73 128
73 127
73 125
73 123
73 121
73 120
73 119
73 118
73 116
73 115
73 114
74 113
75 111
77 108
78 107
79 106
81 105
84 105
86 105
87 105
89 105
90 105
91 105
93 106
95 107
96 108
97 108
97 109
98 110
99 111
100 112
101 113
101 114
102 115
103 116
103 117
104 118
105 118
106 120
107 123
108 125
109 126
110 127
113 130
113 131
115 133
116 134
117 136
118 137
120 138
121 139
122 140
123 141
125 142
125 143
128 145
130 146
133 148
136 149
140 151
142 152
143 153
145 154
148 156
149 157
150 158
154 160
156 162
158 163
158 164
160 165
160 166
162 167
162 168
163 170
164 170
164 171
165 172
166 174
167 176
169 177
170 178
170 179
170 180
171 181
172 181
172 182
173 183
173 184
174 184
175 185
175 186
177 187
177 188
179 189
179 190
180 190
181 191
183 192
183 193
184 194
185 194
185 196
186 196
187 199
188 200
189 201
190 203
191 204
192 205
193 207
194 208
194 209
195 210
195 211
196 212
198 215
199 216
199 217
200 219
201 221
202 223
203 224
204 226
205 227
207 230
209 233
211 235
212 236
215 240
216 241
218 243
220 245
221 246
221 247
223 249
224 250
225 251
226 253
228 254
228 255
229 256
230 257
231 257
232 258
233 258
236 259
237 259
238 260
239 260
239 261
242 261
243 261
244 261
245 261
248 261
250 261
252 260
254 260
255 258
258 256
258 255
259 254
260 252
262 250
263 249
263 248
264 248
265 246
266 245
267 242
268 240
269 239
270 238
270 236
271 236
271 235
272 233
272 229
272 227
273 225
274 223
274 222
274 220
274 218
274 217
274 216
274 214
274 212
274 209
274 208
274 206
274 204
274 202
274 201
274 199
274 197
274 193
274 192
274 191
274 190
274 189
274 188
274 185
274 184
274 182
274 180
274 177
274 176
274 174
274 173
274 172
274 170
274 169
274 168
274 166
274 165
274 163
274 161
274 160
274 159
274 158
274 157
274 156
274 155
275 153
275 150
275 149
275 148
275 146
274 144
273 142
272 141
272 140
272 137
271 133
270 132
269 130
269 127
268 127
266 124
266 123
265 122
264 122
263 121
263 120
262 120
262 119
260 117
259 115
257 114
257 113
257 112
255 111
254 110
252 110
251 109
249 109
246 109
244 109
243 109
241 109
238 109
237 109
234 109
233 109
232 109
231 110
229 111
227 113
226 115
224 118
223 120
223 121
222 122
221 124
220 125
219 126
219 127
218 128
217 129
216 131
215 133
214 134
213 136
212 136
212 138
211 138
211 139
209 141
209 142
207 144
207 145
206 147
205 148
204 149
203 150
202 152
201 153
201 154
200 155
198 157
196 159
195 160
194 162
193 162
192 165
191 166
190 167
189 168
187 171
186 173
185 174
185 175
184 176
184 177
182 179
180 181
179 183
177 184
175 185
174 186
173 186
173 187
170 189
169 190
168 191
167 192
166 193
166 195
165 197
163 198
163 199
163 200
161 201
160 202
159 204
156 206
155 208
153 211
152 212
151 212
151 213
149 214
147 214
144 215
142 216
140 217
138 218
135 219
134 220
133 222
131 222
130 223
128 224
128 225
128 226
127 227
126 228
125 228
124 229
123 230
122 230
121 231
120 232
120 234
119 235
118 236
117 238
116 239
114 240
112 241
109 242
108 242
106 243
105 244
103 244
98 245
95 245
91 247
88 247
86 248
85 248
81 248
79 248
78 248
76 248
75 248
74 247
73 246
73 245
72 244
71 242
70 242
70 241
70 240
70 239
70 238
69 236
69 234
69 232
69 231
69 230
69 228
69 227
69 225
69 223
69 221
69 219
69 218
69 217
69 215
69 213
69 212
69 211
69 209
69 208
69 207
69 206
69 205
69 204
69 202
69 201
69 200
69 199
69 197
69 196
69 195
69 194
68 191
68 190
68 189
68 187
68 186
68 185
68 184
68 182
68 181
68 178
68 177
68 174
68 172
68 171
68 169
68 167
68 164
68 163
68 161
68 159
68 158
68 155
68 153
68 152
68 150
68 147
68 146
68 144
68 143
68 142
68 140
68 139
68 138
68 136
68 135
68 134
69 132
69 131
69 129
69 128
69 127
70 126
70 125
71 123
71 121
71 119
71 117
71 115
72 114
73 113
73 112
74 111
74 110
74 109
75 107
76 106
78 105
81 105
83 105
84 105
86 105
89 105
91 105
92 105
94 105
96 106
97 107
99 108
100 109
101 110
103 112
104 114
105 115
106 116
106 117
108 119
110 123
111 124
113 126
113 127
114 129
115 130
116 131
117 132
120 135
121 136
123 138
125 141
127 143
130 145
132 147
133 149
134 150
136 151
137 152
138 153
140 155
141 156
143 158
145 159
146 160
147 161
147 162
148 163
149 164
149 165
150 166
151 167
152 168
154 170
155 170
156 171
159 173
162 174
165 176
168 178
171 179
172 180
174 180
175 181
176 182
178 183
179 184
180 185
181 186
183 187
183 188
185 190
186 191
187 192
188 193
189 195
191 196
193 198
193 199
196 201
197 202
198 204
200 205
202 207
204 210
205 211
206 211
206 213
208 215
209 217
209 218
209 219
209 220
209 223
210 225
210 228
211 230
212 233
212 234
213 235
214 237
214 238
215 240
216 241
217 242
218 245
219 246
220 248
221 249
222 250
224 251
226 252
228 253
228 254
229 254
230 255
232 255
233 255
233 256
235 256
237 256
239 256
240 256
243 256
245 256
247 256
248 256
249 256
251 256
252 256
253 255
254 255
256 255
257 255
258 254
259 253
260 252
262 251
262 250
263 250
263 249
264 249
264 248
265 247
266 244
267 243
267 242
267 241
268 238
268 237
268 235
270 232
270 230
270 227
270 226
270 225
271 223
271 222
271 221
271 219
271 217
271 215
271 213
271 212
271 211
271 210
271 209
271 208
271 207
272 204
273 202
273 201
273 198
274 197
275 196
275 195
276 194
276 192
276 190
277 190
277 189
278 188
278 187
280 186
282 185
283 185
285 184
288 184
290 184
293 184
295 184
298 184
300 185
301 185
302 186
303 186
305 186
306 186
307 187
308 187
310 187
312 188
312 189
313 190
314 191
315 192
316 194
317 195
317 197
317 199
317 201
317 203
317 204
317 205
317 206
317 207
317 208
317 210
317 211
317 212
317 213
317 215
317 216
317 217
317 220
317 221
317 222
317 223
317 225
317 226
317 228
317 229
317 230
316 231
316 232
316 233
316 236
316 237
316 238
316 239
316 241
316 242
316 244
316 246
316 248
315 250
315 251
315 253
315 255
315 257
315 258
315 259
315 261
315 263
315 266
315 269
315 270
315 271
315 272
315 273
315 275
315 276
315 277
315 278
315 279
315 280
315 281
315 282
315 284
315 287
315 289
315 290
315 291
315 293
315 295
315 296
315 299
315 301
315 305
315 307
315 310
315 311
315 313
315 314
315 316
315 317
315 319
315 321
315 322
315 323
315 324
315 325
315 327
315 328
315 329
315 330
315 331
315 333
315 335
315 336
315 337
315 338
315 340
315 341
315 344
315 346
315 347
315 349
315 351
315 353
315 354
315 356
315 357
315 358
315 359
315 360
315 361
315 362
315 364
315 366
315 367
315 370
315 372
315 374
315 375
315 376
315 377
315 378
315 380
315 381
315 382
315 383
315 384
315 385
315 387
315 388
315 391
315 392
315 394
315 395
315 396
315 397
315 399
315 400
316 402
317 403
317 404
318 404
319 405
320 405
321 406
322 406
323 406
326 406
327 406
329 406
330 406
333 406
334 406
335 406
337 406
339 406
342 405
343 404
343 403
344 403
345 402
348 400
349 399
350 397
351 397
351 396
353 394
354 393
355 392
355 391
357 390
358 389
359 389
360 388
361 387
362 385
364 384
365 383
365 382
367 381
368 380
369 379
371 377
373 375
374 374
375 373
376 373
378 371
380 370
381 368
382 368
383 367
385 366
385 365
388 364
389 363
392 361
393 360
395 359
396 358
397 357
399 356
401 356
401 355
403 354
405 353
406 352
407 351
408 350
410 349
411 348
413 347
414 346
416 344
418 343
420 342
422 341
424 339
426 338
429 336
431 335
433 333
434 332
437 332
438 331
440 330
441 329
445 327
447 326
451 324
452 324
454 322
455 322
456 321
457 320
458 319
459 318
462 316
464 314
465 313
466 313
468 312
470 311
471 311
472 309
473 307
476 305
477 304
479 303
481 302
482 301
484 299
485 299
489 296
491 295
493 293
494 292
495 291
496 290
498 289
499 288
500 287
501 286
502 285
503 285
504 284
505 283
506 283
506 282
507 281
509 280
510 279
512 276
512 275
513 274
514 273
515 271
516 270
518 268
519 266
520 265
522 263
523 262
524 260
524 259
525 258
526 258
527 257
528 256
530 255
530 254
531 254
531 253
534 251
535 251
536 250
537 249
539 248
540 247
542 246
544 245
547 243
548 242
550 241
552 239
554 238
555 238
555 237
557 236
558 236
559 235
560 234
561 234
562 233
563 231
564 230
566 228
567 227
567 226
568 226
568 224
569 223
570 223
570 221
571 221
571 220
573 218
573 217
574 216
575 215
575 214
576 212
577 211
577 209
577 208
577 207
577 206
577 203
577 202
577 200
577 199
577 197
577 195
577 194
577 192
577 191
576 189
575 189
574 188
574 187
573 186
570 185
568 184
566 184
564 184
561 184
559 184
555 184
553 184
552 184
550 184
547 184
545 184
542 184
541 184
539 184
537 184
534 184
530 184
528 184
525 184
523 184
519 184
517 184
515 184
514 184
511 184
509 184
505 184
503 184
502 184
501 184
499 184
497 184
496 184
494 184
493 184
492 184
490 184
489 184
486 184
485 184
483 184
482 184
480 184
477 184
473 184
472 185
470 185
467 185
465 185
464 185
462 185
459 185
455 185
452 185
449 185
446 186
444 187
443 187
441 187
438 187
436 187
432 187
429 187
426 187
423 187
420 187
417 187
416 187
413 187
409 187
407 187
406 187
403 187
400 187
398 187
396 187
392 187
389 187
387 187
384 187
381 187
380 187
375 187
371 187
369 187
368 187
365 187
364 187
361 187
359 187
357 187
356 187
354 188
351 188
350 188
348 189
346 190
345 190
344 191
343 192
342 192
340 194
339 195
339 196
338 197
337 198
336 199
336 200
336 201
336 202
336 204
336 205
336 207
337 207
337 208
338 209
340 211
341 212
343 214
344 214
346 216
347 217
348 217
350 218
353 220
354 221
355 222
357 223
358 223
359 224
362 225
363 226
364 228
365 229
368 232
369 233
372 235
373 236
376 238
378 239
381 241
382 242
385 243
387 244
387 245
388 246
389 246
391 248
392 248
394 250
396 251
397 252
400 255
402 257
405 259
406 259
407 260
409 262
411 263
413 265
415 267
417 269
418 269
419 271
420 272
423 275
424 276
425 277
425 278
427 280
428 282
430 285
432 286
433 288
434 290
436 293
438 296
440 299
441 300
442 302
443 303
444 305
446 306
448 308
450 309
452 311
453 312
456 314
457 315
460 317
461 318
463 319
464 320
466 321
468 323
469 325
470 325
472 327
473 328
475 329
476 329
478 331
479 332
480 333
481 334
482 335
484 337
485 338
486 339
489 342
492 345
493 346
495 348
496 349
498 351
499 352
501 355
501 356
502 357
504 359
504 360
506 362
508 364
509 364
510 365
511 367
512 368
513 369
514 369
515 371
516 373
517 374
518 375
519 376
520 378
521 379
522 380
524 382
526 384
528 385
529 386
532 387
534 388
536 388
537 389
540 389
541 390
543 391
544 391
547 392
549 392
550 393
553 395
555 396
559 398
561 399
563 401
564 401
567 404
568 404
569 405
570 405
572 407
574 408
576 408
580 410
582 412
584 412
585 414
586 415
589 415
591 415
592 415
594 415
597 417
599 417
603 417
607 417
609 417
612 417
613 417
615 417
617 417
620 417
623 417
627 417
630 417
632 417
633 417
634 417
637 417
639 417
642 417
644 417
646 418
649 418
650 418
653 418
656 418
657 418
658 418
660 418
662 418
664 418
665 418
666 418
667 418
668 418
669 418
671 418
673 418
675 418
676 418
677 418
678 418
681 418
682 418
684 418
685 418
688 417
690 417
692 417
692 416
