688 95
687 95
686 95
685 95
684 95
683 95
682 95
681 95
680 95
679 95
678 95
677 95
676 95
675 95
674 95
673 95
672 95
671 95
670 95
669 95
668 95
667 95
666 95
665 95
664 95
663 95
662 95
661 95
660 95
659 95
658 95
657 95
656 95
655 95
654 95
653 95
652 95
651 95
650 95
649 95
648 95
647 95
646 95
645 95
644 95
643 95
642 95
641 95
640 95
639 95
638 95
637 95
636 95
635 95
634 95
633 95
632 95
631 95
630 95
629 95
628 95
627 95
626 95
625 95
624 95
623 95
622 95
621 95
620 95
619 95
618 95
617 95
616 95
615 95
614 95
613 95
612 95
611 95
610 95
609 95
608 95
607 95
606 95
605 95
604 95
603 95
602 95
601 95
600 95
599 95
598 95
597 95
596 95
595 95
594 95
593 95
592 95
591 95
590 95
589 95
588 95
587 95
586 95
585 95
584 95
583 95
582 95
581 95
580 95
579 95
578 95
577 95
576 95
575 95
574 95
573 95
572 95
571 95
570 95
569 95
568 95
567 95
566 95
565 95
564 95
563 95
562 95
561 95
560 95
559 95
558 95
557 95
556 95
555 95
554 95
553 95
552 95
551 95
550 95
549 95
548 95
547 95
546 95
545 95
544 95
543 95
542 95
541 95
540 95
539 95
538 95
537 95
536 95
535 95
534 95
533 95
532 95
531 95
530 95
529 95
528 95
527 95
526 95
525 95
524 95
523 95
522 95
521 95
520 95
519 95
518 95
517 95
516 95
515 95
514 95
513 95
512 95
511 95
510 95
509 95
508 95
507 95
506 95
505 95
504 95
503 95
502 95
501 95
500 95
499 95
498 95
497 95
496 95
495 95
494 95
493 95
492 95
491 95
490 95
489 95
488 95
487 95
486 95
485 95
484 95
483 95
482 95
481 95
480 95
479 95
478 95
477 95
476 95
475 95
474 95
473 95
472 95
471 95
470 95
469 95
468 95
467 95
466 95
465 95
464 95
463 95
462 95
461 95
460 95
459 95
458 95
457 95
456 95
455 95
454 95
453 95
452 95
451 95
450 95
449 95
448 95
447 95
446 95
445 95
444 95
443 95
442 95
441 95
440 95
439 95
438 95
437 95
436 95
435 95
434 95
433 95
432 95
431 95
430 95
429 95
428 95
427 95
426 95
425 95
424 95
423 95
422 95
421 95
420 95
419 95
418 95
417 95
416 95
415 95
414 95
413 95
412 95
411 95
410 95
409 95
408 95
407 95
406 95
405 95
404 95
403 95
402 95
401 95
400 95
399 95
398 95
397 95
396 95
395 95
394 95
393 95
392 95
391 95
390 95
389 95
388 95
387 95
386 95
385 95
384 95
383 95
382 95
381 95
380 95
379 95
378 95
377 95
376 95
375 95
374 95
373 95
372 95
371 95
370 95
369 95
368 95
367 95
366 95
365 95
364 95
363 95
362 95
361 95
360 95
359 95
358 95
357 95
356 95
355 95
354 95
353 95
352 95
351 95
350 95
349 95
348 95
347 95
346 95
345 95
344 95
343 95
342 95
341 95
340 95
339 95
338 95
337 95
336 95
335 95
334 95
333 95
332 95
331 95
330 95
329 95
328 95
327 95
326 95
325 95
324 95
323 95
322 95
321 95
320 95
319 95
318 95
317 95
316 95
315 95
314 95
313 95
312 95
311 95
310 95
309 95
308 95
307 95
306 95
305 95
304 95
303 95
302 95
301 95
300 95
299 95
298 95
297 95
296 95
295 95
294 95
293 95
292 95
291 95
290 95
289 95
288 95
287 95
286 95
285 95
284 95
283 95
282 95
281 95
280 95
279 95
278 95
277 95
276 95
275 95
274 95
273 95
272 95
271 95
270 95
269 95
268 95
267 95
266 95
265 95
264 95
263 95
262 95
261 95
260 95
259 95
258 95
257 95
256 95
255 95
254 95
253 95
252 95
251 95
250 95
249 95
248 95
247 95
246 95
245 95
244 95
243 95
242 95
241 95
240 95
239 95
238 95
237 95
236 95
235 95
234 95
233 95
232 95
231 95
230 95
229 95
228 95
227 95
226 95
225 95
224 95
223 95
222 95
221 95
220 95
219 95
218 95
217 95
216 95
215 95
214 95
213 95
212 95
211 95
210 95
209 95
208 95
207 95
206 95
205 95
204 95
203 95
202 95
201 95
200 95
199 95
198 95
197 95
196 95
195 95
194 95
193 95
192 95
191 95
190 95
189 95
188 95
187 95
186 95
185 95
184 95
183 95
182 95
181 95
180 95
179 95
178 95
177 95
176 95
175 95
174 95
173 95
172 95
171 95
170 95
169 95
168 95
167 95
166 95
165 95
164 95
163 95
162 95
161 95
160 95
159 95
158 95
157 95
156 95
155 95
154 95
153 95
152 95
151 95
150 95
149 95
148 95
147 95
146 95
145 95
144 95
143 95
142 95
141 95
140 95
139 95
138 95
137 95
136 95
135 95
134 95
133 95
132 95
131 95
130 95
129 95
128 95
127 95
126 95
125 95
124 95
123 95
122 95
121 95
120 95
119 95
118 95
117 95
116 95
115 95
114 95
113 95
112 95
111 95
110 95
109 95
108 95
107 95
106 95
105 95
104 95
103 95
102 95
101 95
100 95
99 95
98 95
97 95
96 95
95 95
94 95
93 95
92 95
91 95
90 95
89 95
88 95
87 95
86 95
85 95
84 95
83 95
82 95
81 95
80 95
79 95
78 95
77 95
76 95
75 95
74 95
73 95
72 95
71 95
70 95
69 95
68 95
67 95
66 95
65 95
64 95
63 95
62 95
61 95
60 95
59 95
58 95
57 95
56 95
55 95
54 95
53 95
52 95
51 95
50 95
49 95
48 95
47 95
46 95
45 95
44 95
43 95
42 95
41 95
40 95
40 96
40 97
40 98
40 99
40 100
40 101
40 102
40 103
40 104
40 105
40 106
40 107
40 108
40 109
40 110
40 111
40 112
40 113
40 114
40 115
40 116
40 117
40 118
40 119
40 120
40 121
40 122
40 123
40 124
40 125
40 126
40 127
40 128
40 129
40 130
40 131
40 132
40 133
40 134
40 135
40 136
40 137
40 138
40 139
40 140
40 141
40 142
40 143
40 144
40 145
40 146
40 147
40 148
40 149
40 150
40 151
40 152
40 153
40 154
40 155
40 156
40 157
40 158
40 159
40 160
40 161
40 162
40 163
40 164
40 165
40 166
40 167
40 168
40 169
40 170
40 171
40 172
40 173
40 174
40 175
40 176
40 177
40 178
40 179
40 180
40 181
40 182
40 183
40 184
40 185
40 186
40 187
40 188
40 189
40 190
40 191
40 192
40 193
40 194
40 195
40 196
40 197
40 198
40 199
40 200
41 200
42 200
43 200
44 200
45 200
46 200
47 200
48 200
49 200
50 200
51 200
52 200
53 200
54 200
55 200
56 200
57 200
58 200
59 200
60 200
61 200
62 200
63 200
64 200
65 200
66 200
67 200
68 200
69 200
70 200
71 200
72 200
73 200
74 200
75 200
76 200
77 200
78 200
79 200
80 200
81 200
82 200
83 200
84 200
85 200
86 200
87 200
88 200
89 200
90 200
91 200
92 200
93 200
94 200
95 200
96 200
97 200
98 200
99 200
100 200
101 200
102 200
103 200
104 200
105 200
106 200
107 200
108 200
109 200
110 200
111 200
112 200
113 200
114 200
115 200
116 200
117 200
118 200
119 200
120 200
121 200
122 200
123 200
124 200
125 200
126 200
127 200
128 200
129 200
130 200
131 200
132 200
133 200
134 200
135 200
136 200
137 200
138 200
139 200
140 200
141 200
142 200
143 200
144 200
145 200
146 200
147 200
148 200
149 200
150 200
151 200
152 200
153 200
154 200
155 200
156 200
157 200
158 200
159 200
160 200
161 200
162 200
163 200
164 200
165 200
166 200
167 200
168 200
169 200
170 200
171 200
172 200
173 200
174 200
175 200
176 200
177 200
178 200
179 200
180 200
181 200
182 200
183 200
184 200
185 200
186 200
187 200
188 200
189 200
190 200
191 200
192 200
193 200
194 200
195 200
196 200
197 200
198 200
199 200
200 200
201 200
202 200
203 200
204 200
205 200
206 200
207 200
208 200
209 200
210 200
211 200
212 200
213 200
214 200
215 200
216 200
217 200
218 200
219 200
220 200
221 200
222 200
223 200
224 200
225 200
226 200
227 200
228 200
229 200
230 200
231 200
232 200
233 200
234 200
235 200
236 200
237 200
238 200
239 200
240 200
241 200
242 200
243 200
244 200
245 200
246 200
247 200
248 200
249 200
250 200
251 200
252 200
253 200
254 200
255 200
256 200
257 200
258 200
259 200
260 200
261 200
262 200
263 200
264 200
265 200
266 200
267 200
268 200
269 200
270 200
271 200
272 200
273 200
274 200
275 200
276 200
277 200
278 200
279 200
280 200
281 200
282 200
283 200
284 200
285 200
286 200
287 200
288 200
289 200
290 200
291 200
292 200
293 200
294 200
295 200
296 200
297 200
298 200
299 200
300 200
301 200
302 200
303 200
304 200
305 200
306 200
307 200
308 200
309 200
310 200
311 200
312 200
313 200
314 200
315 200
316 200
317 200
318 200
319 200
320 200
321 200
322 200
323 200
324 200
325 200
326 200
327 200
328 200
329 200
330 200
331 200
332 200
333 200
334 200
335 200
336 200
337 200
338 200
339 200
340 200
341 200
342 200
343 200
344 200
345 200
346 200
347 200
348 200
349 200
350 200
351 200
352 200
353 200
354 200
355 200
356 200
357 200
358 200
359 200
360 200
361 200
362 200
363 200
364 200
365 200
366 200
367 200
368 200
369 200
370 200
371 200
372 200
373 200
374 200
375 200
376 200
377 200
378 200
379 200
380 200
381 200
382 200
383 200
384 200
385 200
386 200
387 200
388 200
389 200
390 200
391 200
392 200
393 200
394 200
395 200
396 200
397 200
398 200
399 200
400 200
401 200
402 200
403 200
404 200
405 200
406 200
407 200
408 200
409 200
410 200
411 200
412 200
413 200
414 200
415 200
416 200
417 200
418 200
419 200
420 200
421 200
422 200
423 200
424 200
425 200
426 200
427 200
428 200
429 200
430 200
431 200
432 200
433 200
434 200
435 200
436 200
437 200
438 200
439 200
440 200
441 200
442 200
443 200
444 200
445 200
446 200
447 200
448 200
449 200
450 200
451 200
452 200
453 200
454 200
455 200
456 200
457 200
458 200
459 200
460 200
461 200
462 200
463 200
464 200
465 200
466 200
467 200
468 200
469 200
470 200
471 200
472 200
473 200
474 200
475 200
476 200
477 200
478 200
479 200
480 200
481 200
482 200
483 200
484 200
485 200
486 200
487 200
488 200
489 200
490 200
491 200
492 200
493 200
494 200
495 200
496 200
497 200
498 200
499 200
500 200
501 200
502 200
503 201
504 201
505 201
506 202
507 202
508 202
509 203
510 203
511 203
512 204
513 204
514 204
515 205
516 205
517 205
518 206
519 206
520 206
521 207
522 207
523 207
524 208
525 208
526 208
527 209
528 209
529 209
530 210
531 210
532 210
533 211
534 211
535 211
536 212
537 212
538 212
539 213
540 213
541 213
542 214
543 214
544 214
545 215
546 215
547 215
548 216
549 216
550 216
551 217
552 217
553 217
554 218
555 218
556 218
557 219
558 219
559 219
560 220
561 220
562 220
563 221
564 221
565 221
566 222
567 222
568 222
569 223
570 223
571 223
572 224
573 224
574 224
575 225
576 225
577 225
578 226
579 226
580 226
581 227
582 227
583 227
584 228
585 228
586 228
587 229
588 229
589 229
590 230
591 230
592 230
593 231
594 231
595 231
596 232
597 232
598 232
599 233
600 233
601 233
602 234
603 234
604 234
605 235
606 235
607 235
608 236
609 236
610 236
611 237
612 237
613 237
614 238
615 238
616 238
617 239
618 239
619 239
620 240
621 240
622 240
623 241
624 241
625 241
626 242
627 242
628 242
629 243
630 243
631 243
632 244
633 244
634 244
635 245
636 245
637 245
638 246
639 246
640 246
641 247
642 247
643 247
644 248
645 248
646 248
647 249
648 249
649 249
650 250
651 250
652 250
653 251
654 251
655 251
656 252
657 252
658 252
659 253
660 253
661 253
662 254
663 254
664 254
665 255
666 255
667 255
668 256
669 256
670 256
671 257
671 258
671 259
670 260
670 261
670 262
669 263
669 264
669 265
668 266
668 267
668 268
667 269
667 270
667 271
666 272
666 273
666 274
665 275
665 276
665 277
664 278
664 279
664 280
663 281
663 282
663 283
662 284
662 285
662 286
661 287
661 288
661 289
660 290
660 291
660 292
659 293
659 294
659 295
658 296
658 297
658 298
657 299
657 300
657 301
656 302
656 303
656 304
655 305
655 306
655 307
654 308
654 309
654 310
653 311
653 312
653 313
652 314
652 315
652 316
651 317
651 318
651 319
650 320
650 321
650 322
649 323
649 324
649 325
648 326
648 327
648 328
647 329
647 330
647 331
646 332
646 333
646 334
645 335
645 336
645 337
644 338
644 339
644 340
643 341
643 342
643 343
642 344
642 345
642 346
641 346
640 346
639 346
638 346
637 346
636 346
635 346
634 346
633 346
632 346
631 346
630 346
629 346
628 346
627 346
626 346
625 346
624 346
623 346
622 346
621 346
620 346
619 346
618 346
617 346
616 346
615 346
614 346
613 346
612 346
611 346
610 346
609 346
608 346
607 346
606 346
605 346
604 346
603 346
602 346
601 346
600 346
599 346
598 346
597 346
596 346
595 346
594 346
593 346
592 346
591 346
590 346
589 346
588 346
587 346
586 346
585 346
584 346
583 346
582 346
581 346
580 346
579 346
578 346
577 346
576 346
575 346
574 346
573 346
572 346
571 346
570 346
569 346
568 346
567 346
566 346
565 346
564 346
563 346
562 346
561 346
560 346
559 346
558 346
557 346
556 346
555 346
554 346
553 346
552 346
551 346
550 346
549 346
548 346
547 346
546 346
545 346
544 346
543 346
542 346
541 346
540 346
539 346
538 346
537 346
536 346
535 346
534 346
533 346
532 346
531 346
530 346
529 346
528 346
527 346
526 346
525 346
524 346
523 346
522 346
521 346
520 346
519 346
518 346
517 346
516 346
515 346
514 346
513 346
512 346
511 346
510 346
509 346
508 346
507 346
506 346
505 346
504 346
503 346
502 346
501 346
500 346
499 346
498 346
497 346
496 346
495 346
494 346
493 346
492 346
491 346
490 346
489 346
488 346
487 346
486 346
485 346
484 346
483 346
482 346
481 346
480 346
479 346
478 346
477 346
476 346
475 346
474 346
473 346
472 346
471 346
470 346
469 346
468 346
467 346
466 346
465 346
464 346
463 346
462 346
461 346
460 346
459 346
458 346
457 346
456 346
455 346
454 346
453 346
452 346
451 346
450 346
449 346
448 346
447 346
446 346
445 346
444 346
443 346
442 346
441 346
440 346
439 346
438 346
437 346
436 346
435 346
434 346
433 346
432 346
431 346
430 346
429 346
428 346
427 346
426 346
425 346
424 346
423 346
422 346
421 346
420 346
419 346
418 346
417 346
416 346
415 346
414 346
413 346
412 346
411 346
410 346
409 346
408 346
407 346
406 346
405 346
404 346
403 346
402 346
401 346
400 346
399 346
398 346
397 346
396 346
395 346
394 346
393 346
392 346
391 346
390 346
389 346
388 346
387 346
386 346
385 346
384 346
383 346
382 346
381 346
380 346
379 346
378 346
377 346
376 346
375 346
374 346
373 346
372 346
371 346
370 346
369 346
368 346
367 346
366 346
365 346
364 346
363 346
362 346
361 346
360 346
359 346
358 346
357 346
356 346
355 346
354 346
353 346
352 346
351 346
350 346
349 346
348 346
347 346
346 346
345 346
344 346
343 346
342 346
341 346
340 346
339 346
338 346
337 346
336 346
335 346
334 346
333 346
332 346
331 346
330 346
329 346
328 346
327 346
326 346
325 346
324 346
323 346
322 346
321 346
320 346
319 346
318 346
317 346
316 346
315 346
314 346
313 346
312 346
311 346
310 346
309 346
308 346
307 346
306 346
305 346
304 346
303 346
302 346
301 346
300 346
299 346
298 346
297 346
296 346
295 346
294 346
293 346
292 346
291 346
290 346
289 346
288 346
287 346
286 346
285 346
284 346
283 346
282 346
281 346
280 346
279 346
278 346
277 346
276 346
275 346
274 346
273 346
272 346
271 346
270 346
269 346
268 346
267 346
266 346
265 346
264 346
263 346
262 346
261 346
260 346
259 346
258 346
257 346
256 346
255 346
254 346
253 346
252 346
251 346
250 346
249 346
248 346
247 346
246 346
245 346
244 346
243 346
242 346
241 346
240 346
239 346
238 346
237 346
236 346
235 346
234 346
233 346
232 346
231 346
230 346
229 346
228 346
227 346
226 346
225 346
224 346
223 346
222 346
221 346
220 346
219 346
218 346
217 346
216 346
215 346
214 346
213 346
212 346
211 346
210 346
209 346
208 346
207 346
206 346
205 346
204 346
203 346
202 346
201 346
200 346
199 346
198 346
197 346
196 346
195 346
194 346
193 346
192 346
191 346
190 346
189 346
188 346
187 346
186 346
185 346
184 346
183 346
182 346
181 346
180 346
179 346
178 346
177 346
176 346
175 346
174 346
173 346
172 346
171 346
170 346
169 346
168 346
167 346
166 346
165 346
164 346
163 346
162 346
161 346
160 346
159 346
158 346
157 346
156 346
155 346
154 346
153 346
152 346
151 346
150 346
149 346
148 346
147 346
146 346
145 346
144 346
143 346
142 346
141 346
140 346
139 346
138 346
137 346
136 346
135 346
134 346
133 346
132 346
131 346
130 346
129 346
128 346
127 346
126 346
125 346
124 346
123 346
122 346
121 346
120 346
119 346
118 346
117 346
116 346
115 346
114 346
113 346
112 346
111 346
110 346
109 346
108 346
107 346
106 346
105 346
104 346
103 346
102 346
101 346
100 346
99 346
98 346
97 346
96 346
95 346
94 346
93 346
92 346
91 346
90 346
89 346
88 346
87 346
86 346
85 346
84 346
83 346
82 346
81 346
80 346
79 346
78 346
77 346
76 346
75 346
74 346
73 346
72 346
71 346
70 346
69 346
68 346
67 346
66 346
65 346
64 346
63 346
62 346
61 346
60 346
59 346
58 346
57 346
56 346
55 346
54 346
53 346
52 346
51 346
50 346
50 347
50 348
50 349
50 350
50 351
50 352
50 353
50 354
50 355
50 356
50 357
50 358
50 359
50 360
50 361
50 362
50 363
50 364
50 365
50 366
50 367
50 368
50 369
50 370
50 371
50 372
50 373
50 374
50 375
50 376
50 377
50 378
50 379
50 380
50 381
50 382
50 383
50 384
50 385
50 386
50 387
50 388
50 389
50 390
50 391
50 392
50 393
50 394
50 395
50 396
50 397
50 398
50 399
50 400
50 401
50 402
50 403
50 404
50 405
50 406
50 407
50 408
50 409
50 410
50 411
50 412
50 413
50 414
50 415
50 416
50 417
50 418
50 419
50 420
50 421
50 422
50 423
50 424
50 425
50 426
50 427
50 428
50 429
50 430
50 431
50 432
50 433
50 434
50 435
50 436
50 437
50 438
50 439
50 440
50 441
50 442
50 443
50 444
50 445
51 445
52 445
53 445
54 445
55 445
56 445
57 445
58 445
59 445
60 445
61 445
62 445
63 445
64 445
65 445
66 445
67 445
68 445
69 445
70 445
71 445
72 445
73 445
74 445
75 445
76 445
77 445
78 445
79 445
80 445
81 445
82 445
83 445
84 445
85 445
86 445
87 445
88 445
89 445
90 445
91 445
92 445
93 445
94 445
95 445
96 445
97 445
98 445
99 445
100 445
101 445
102 445
103 445
104 445
105 445
106 445
107 445
108 445
109 445
110 445
111 445
112 445
113 445
114 445
115 445
116 445
117 445
118 445
119 445
120 445
121 445
122 445
123 445
124 445
125 445
126 445
127 445
128 445
129 445
130 445
131 445
132 445
133 445
134 445
135 445
136 445
137 445
138 445
139 445
140 445
141 445
142 445
143 445
144 445
145 445
146 445
147 445
148 445
149 445
150 445
151 445
152 445
153 445
154 445
155 445
156 445
157 445
158 445
159 445
160 445
161 445
162 445
163 445
164 445
165 445
166 445
167 445
168 445
169 445
170 445
171 445
172 445
173 445
174 445
175 445
176 445
177 445
178 445
179 445
180 445
181 445
182 445
183 445
184 445
185 445
186 445
187 445
188 445
189 445
190 445
191 445
192 445
193 445
194 445
195 445
196 445
197 445
198 445
199 445
200 445
201 445
202 445
203 445
204 445
205 445
206 445
207 445
208 445
209 445
210 445
211 445
212 445
213 445
214 445
215 445
216 445
217 445
218 445
219 445
220 445
221 445
222 445
223 445
224 445
225 445
226 445
227 445
228 445
229 445
230 445
231 445
232 445
233 445
234 445
235 445
236 445
237 445
238 445
239 445
240 445
241 445
242 445
243 445
244 445
245 445
246 445
247 445
248 445
249 445
250 445
251 445
252 445
253 445
254 445
255 445
256 445
257 445
258 445
259 445
260 445
261 445
262 445
263 445
264 445
265 445
266 445
267 445
268 445
269 445
270 445
271 445
272 445
273 445
274 445
275 445
276 445
277 445
278 445
279 445
280 445
281 445
282 445
283 445
284 445
285 445
286 445
287 445
288 445
289 445
290 445
291 445
292 445
293 445
294 445
295 445
296 445
297 445
298 445
299 445
300 445
301 445
302 445
303 445
304 445
305 445
306 445
307 445
308 445
309 445
310 445
311 445
312 445
313 445
314 445
315 445
316 445
317 445
318 445
319 445
320 445
321 445
322 445
323 445
324 445
325 445
326 445
327 445
328 445
329 445
330 445
331 445
332 445
333 445
334 445
335 445
336 445
337 445
338 445
339 445
340 445
341 445
342 445
343 445
344 445
345 445
346 445
347 445
348 445
349 445
350 445
351 445
352 445
353 445
354 445
355 445
356 445
357 445
358 445
359 445
360 445
361 445
362 445
363 445
364 445
365 445
366 445
367 445
368 445
369 445
370 445
371 445
372 445
373 445
374 445
375 445
376 445
377 445
378 445
379 445
380 445
381 445
382 445
383 445
384 445
385 445
386 445
387 445
388 445
389 445
390 445
391 445
392 445
393 445
394 445
395 445
396 445
397 445
398 445
399 445
400 445
401 445
402 445
403 445
404 445
405 445
406 445
407 445
408 445
409 445
410 445
411 445
412 445
413 445
414 445
415 445
416 445
417 445
418 445
419 445
420 445
421 445
422 445
423 445
424 445
425 445
426 445
427 445
428 445
429 445
430 445
431 445
432 445
433 445
434 445
435 445
436 445
437 445
438 445
439 445
440 445
441 445
442 445
443 445
444 445
445 445
446 445
447 445
448 445
449 445
450 445
451 445
452 445
453 445
454 445
455 445
456 445
457 445
458 445
459 445
460 445
461 445
462 445
463 445
464 445
465 445
466 445
467 445
468 445
469 445
470 445
471 445
472 445
473 445
474 445
475 445
476 445
477 445
478 445
479 445
480 445
481 445
482 445
483 445
484 445
485 445
486 445
487 445
488 445
489 445
490 445
491 445
492 445
493 445
494 445
495 445
496 445
497 445
498 445
499 445
500 445
501 445
502 445
503 445
504 445
505 445
506 445
507 445
508 445
509 445
510 445
511 445
512 445
513 445
514 445
515 445
516 445
517 445
518 445
519 445
520 445
521 445
522 445
523 445
524 445
525 445
526 445
527 445
528 445
529 445
530 445
531 445
532 445
533 445
534 445
535 445
536 445
537 445
538 445
539 445
540 445
541 445
542 445
543 445
544 445
545 445
546 445
547 445
548 445
549 445
550 445
551 445
552 445
553 445
554 445
555 445
556 445
557 445
558 445
559 445
560 445
561 445
562 445
563 445
564 445
565 445
566 445
567 445
568 445
569 445
570 445
571 445
572 445
573 445
574 445
575 445
576 445
577 445
578 445
579 445
580 445
581 445
582 445
583 445
584 445
585 445
586 445
587 445
588 445
589 445
590 445
591 445
592 445
593 445
594 445
595 445
596 445
597 445
598 445
599 445
600 445
601 445
602 445
603 445
604 445
605 445
606 445
607 445
608 445
609 445
610 445
611 445
612 445
613 445
614 445
615 445
616 445
617 445
618 445
619 445
620 445
621 445
622 445
623 445
624 445
625 445
626 445
627 445
628 445
629 445
630 445
631 445
632 445
633 445
634 445
635 445
636 445
637 445
638 445
639 445
640 445
641 445
642 445
643 445
644 445
645 445
646 445
647 445
648 445
649 445
650 445
651 445
652 445
653 445
654 445
655 445
656 445
657 445
658 445
659 445
660 445
661 445
662 445
663 445
664 445
665 445
666 445
667 445
668 445
669 445
670 445
671 445
672 445
673 445
674 445
675 445
676 445
677 445
678 445
679 445
680 445
681 445
682 445
683 445
684 445
685 445
686 445
687 445
688 445
